  -1.0093744e-02   6.0941859e-03
  -8.5320980e-03   3.5364873e-04
   3.8708634e-03   6.8745648e-03
   3.9025618e-03  -2.6104195e-03
   8.5990633e-03  -2.7027781e-03
   4.7223050e-03  -2.3154018e-03
   5.2093682e-03   5.2368130e-03
   2.2958988e-03  -2.4110034e-03
   2.9265055e-03   5.5650338e-03
   4.8420445e-03  -2.2012532e-03
   1.6369823e-01   4.3737261e-03
   1.6845740e-01  -5.1470819e-03
   1.5006198e-01   1.7025761e-02
   1.5871375e-01   5.0222707e-02
   1.5208966e-01   1.0111026e-01
   1.5472305e-01   1.4301620e-01
   1.4592084e-01   2.0508992e-01
   1.6100768e-01   2.5529700e-01
   1.5248495e-01   3.0945953e-01
   1.4949298e-01   3.7488427e-01
   1.5662905e-01   4.2897888e-01
   1.5529669e-01   4.7959525e-01
   1.5103602e-01   5.2426450e-01
   1.6231978e-01   5.8373198e-01
   1.6440783e-01   6.2939715e-01
   1.6705851e-01   6.5975476e-01
   1.5968999e-01   7.0391651e-01
   1.5404221e-01   7.4413669e-01
   1.6491016e-01   7.7452482e-01
   1.6660519e-01   8.0085911e-01
   1.5027207e-01   8.2639521e-01
   1.5400730e-01   8.5423658e-01
   1.6600431e-01   8.7400006e-01
   1.6766382e-01   9.0260289e-01
   1.5168030e-01   9.2142479e-01
   1.5452445e-01   9.4386517e-01
   1.6792921e-01   9.4942237e-01
   1.6040034e-01   9.6118855e-01
   1.6396771e-01   9.7469432e-01
   1.5074069e-01   9.9077666e-01
   1.5418298e-01   1.0080382e+00
   1.6857022e-01   1.0136710e+00
   1.5806196e-01   1.0208590e+00
   1.6422769e-01   1.0257033e+00
   1.6152803e-01   1.0270730e+00
   1.6682243e-01   1.0341420e+00
   1.6445869e-01   1.0397966e+00
   1.4746343e-01   1.0470104e+00
   1.5489899e-01   1.0553334e+00
   1.4687748e-01   1.0615143e+00
   1.6675400e-01   1.0522092e+00
   1.4655743e-01   1.0617401e+00
   1.4975553e-01   1.0688234e+00
   1.5546601e-01   1.0698468e+00
   1.6860875e-01   1.0696794e+00
   1.6061025e-01   1.0697895e+00
   1.5292564e-01   1.0723619e+00
   1.5883764e-01   1.0722436e+00
   1.4953057e-01   1.0721495e+00
   1.5318516e-01   1.0724787e+00
   1.5633484e-01   1.0728029e+00
   1.6714168e-01   1.0807419e+00
   1.5181235e-01   1.0785720e+00
   1.5984795e-01   1.0822794e+00
   1.4596087e-01   1.0764249e+00
   1.5223587e-01   1.0806383e+00
   1.6017591e-01   1.0754350e+00
   1.5444809e-01   1.0784098e+00
   1.6401659e-01   1.0806467e+00
   1.5467955e-01   1.0808655e+00
   1.6353436e-01   1.0791330e+00
   1.6633725e-01   1.0819345e+00
   1.5527297e-01   1.0779853e+00
   1.5181189e-01   1.0856319e+00
   1.6334068e-01   1.0773602e+00
   1.6442856e-01   1.0820934e+00
   1.6322680e-01   1.0829060e+00
   1.6569780e-01   1.0853155e+00
   1.5226532e-01   1.0867563e+00
  -7.5070585e-01   1.0871133e+00
  -7.5674586e-01   1.0902909e+00
  -7.5869740e-01   1.0982864e+00
  -7.6283652e-01   1.1376007e+00
  -7.5483750e-01   1.1837521e+00
  -7.6070494e-01   1.2439758e+00
  -7.6697938e-01   1.3069386e+00
  -7.5186629e-01   1.3588224e+00
  -7.6512211e-01   1.4295436e+00
  -7.4380638e-01   1.4898124e+00
  -7.6479886e-01   1.5529267e+00
  -7.4735316e-01   1.5988817e+00
  -7.4743552e-01   1.6581968e+00
  -7.5285341e-01   1.7142664e+00
  -7.5859009e-01   1.7566962e+00
  -7.6405838e-01   1.8073213e+00
  -7.5078767e-01   1.8534401e+00
  -7.6200394e-01   1.8830823e+00
  -7.6232404e-01   1.9192878e+00
  -7.6700041e-01   1.9561207e+00
  -7.5447139e-01   1.9914715e+00
  -7.5964223e-01   2.0214654e+00
  -7.5255066e-01   2.0395865e+00
  -7.5311256e-01   2.0582294e+00
  -7.4970405e-01   2.0845892e+00
  -7.4893973e-01   2.1026856e+00
  -7.4521156e-01   2.1153068e+00
  -7.6374741e-01   2.1324541e+00
  -7.4762238e-01   2.1506316e+00
  -7.6290730e-01   2.1647462e+00
  -7.5688708e-01   2.1702024e+00
  -7.6546619e-01   2.1871838e+00
  -7.5221061e-01   2.1924256e+00
  -7.4853602e-01   2.1972190e+00
  -7.5015173e-01   2.2095672e+00
  -7.6282359e-01   2.2072893e+00
  -7.4330682e-01   2.2225189e+00
  -7.5197480e-01   2.2169951e+00
  -7.5199233e-01   2.2317379e+00
  -7.5393396e-01   2.2356292e+00
  -7.5823604e-01   2.2319074e+00
  -7.4764111e-01   2.2426833e+00
  -7.4434020e-01   2.2443160e+00
  -7.4779852e-01   2.2351332e+00
  -7.5757292e-01   2.2498009e+00
  -7.6588833e-01   2.2421015e+00
  -7.6150866e-01   2.2544023e+00
  -7.4889595e-01   2.2436474e+00
  -7.4601858e-01   2.2503759e+00
  -7.5362808e-01   2.2564578e+00
  -7.5325724e-01   2.2474509e+00
  -7.5946628e-01   2.2476834e+00
  -7.5029336e-01   2.2477379e+00
  -7.5603637e-01   2.2508032e+00
  -7.4433139e-01   2.2562817e+00
  -7.4447769e-01   2.2510010e+00
  -7.4967429e-01   2.2610317e+00
  -7.5715223e-01   2.2621343e+00
  -7.4731472e-01   2.2595164e+00
  -7.4905526e-01   2.2566953e+00
  -7.6625777e-01   2.2535422e+00
  -7.4325620e-01   2.2614867e+00
  -7.5071402e-01   2.2588278e+00
  -7.6164874e-01   2.2592329e+00
  -7.5190777e-01   2.2544938e+00
  -7.6293294e-01   2.2618479e+00
  -7.4737552e-01   2.2569843e+00
  -7.6605405e-01   2.2604880e+00
  -7.5926458e-01   2.2612492e+00
  -8.1291989e-01   2.2552151e+00
  -8.1926427e-01   2.2640452e+00
  -8.0933297e-01   2.2871544e+00
  -8.2732446e-01   2.3436026e+00
  -8.1198396e-01   2.3941495e+00
  -8.1303721e-01   2.4747307e+00
  -8.2818102e-01   2.5545726e+00
  -8.1656124e-01   2.6400277e+00
  -8.2097485e-01   2.7113792e+00
  -8.2901950e-01   2.7958812e+00
  -8.2332000e-01   2.8790288e+00
  -8.2343823e-01   2.9536963e+00
  -8.0925268e-01   3.0321283e+00
  -8.0830243e-01   3.0995767e+00
  -8.0899944e-01   3.1617858e+00
  -8.1250849e-01   3.2293782e+00
  -8.1716313e-01   3.2806418e+00
  -8.2863904e-01   3.3334517e+00
  -8.1080061e-01   3.3778381e+00
  -8.1243655e-01   3.4267015e+00
  -8.1228252e-01   3.4729130e+00
  -8.1041057e-01   3.5072771e+00
  -8.2561639e-01   3.5357061e+00
  -8.0906863e-01   3.5688944e+00
  -8.1136246e-01   3.5918720e+00
  -8.1203041e-01   3.6246024e+00
  -8.1150703e-01   3.6375394e+00
  -8.0868710e-01   3.6658830e+00
  -8.1851384e-01   3.6774988e+00
  -8.2217692e-01   3.7024533e+00
  -8.0605635e-01   3.7097163e+00
  -8.0594997e-01   3.7249688e+00
  -8.2607398e-01   3.7333534e+00
  -8.1231470e-01   3.7505426e+00
  -8.1193672e-01   3.7611290e+00
  -8.1838093e-01   3.7598036e+00
  -8.1835032e-01   3.7729979e+00
  -8.1852566e-01   3.7861826e+00
  -8.0662075e-01   3.7890669e+00
  -8.1829720e-01   3.7942934e+00
  -8.1397819e-01   3.7978949e+00
  -8.2663347e-01   3.7945041e+00
  -8.0565023e-01   3.8080847e+00
  -8.1531613e-01   3.8095040e+00
  -8.1211535e-01   3.8041785e+00
  -8.2727241e-01   3.8174960e+00
  -8.2034158e-01   3.8212904e+00
  -8.2090738e-01   3.8138406e+00
  -8.1196688e-01   3.8137867e+00
  -8.1352946e-01   3.8240610e+00
  -8.0671304e-01   3.8178829e+00
  -8.1426727e-01   3.8252004e+00
  -8.0651829e-01   3.8246795e+00
  -8.0733363e-01   3.8278026e+00
  -8.1160630e-01   3.8269112e+00
  -8.1609488e-01   3.8333878e+00
  -8.2195806e-01   3.8275061e+00
  -8.2157621e-01   3.8218571e+00
  -8.1514750e-01   3.8347028e+00
  -8.1301103e-01   3.8257320e+00
  -8.2452209e-01   3.8253666e+00
  -8.0553237e-01   3.8280703e+00
  -8.0750413e-01   3.8332563e+00
  -8.1453802e-01   3.8321702e+00
  -8.0797602e-01   3.8318606e+00
  -8.1079936e-01   3.8323232e+00
  -8.2368244e-01   3.8369111e+00
  -8.0943989e-01   3.8251686e+00
  -8.0927365e-01   3.8290724e+00
  -9.4336061e-01   3.8330023e+00
  -9.3675933e-01   3.8335197e+00
  -9.4906009e-01   3.9113877e+00
  -9.3297232e-01   4.0545507e+00
  -9.4850415e-01   4.2239845e+00
  -9.3905142e-01   4.4312915e+00
  -9.3356166e-01   4.6543779e+00
  -9.5567443e-01   4.8806789e+00
  -9.3860732e-01   5.1136000e+00
  -9.5591707e-01   5.3522607e+00
  -9.5367422e-01   5.5825076e+00
  -9.3820377e-01   5.7940704e+00
  -9.4646635e-01   6.0043357e+00
  -9.5475627e-01   6.1888188e+00
  -9.4346802e-01   6.3758900e+00
  -9.5208815e-01   6.5481687e+00
  -9.3354623e-01   6.7093399e+00
  -9.3824479e-01   6.8540338e+00
  -9.5493750e-01   6.9894364e+00
  -9.3709567e-01   7.1106735e+00
  -9.3311931e-01   7.2278457e+00
  -9.3697194e-01   7.3350279e+00
  -9.4750420e-01   7.4224248e+00
  -9.5326157e-01   7.5176126e+00
  -9.3929223e-01   7.5883165e+00
  -9.4181783e-01   7.6530990e+00
  -9.4622153e-01   7.7204728e+00
  -9.3758449e-01   7.7796845e+00
  -9.3622321e-01   7.8367336e+00
  -9.4739954e-01   7.8731504e+00
  -9.5184871e-01   7.9199315e+00
  -9.4320128e-01   7.9526927e+00
  -9.4359724e-01   7.9950285e+00
  -9.5435294e-01   8.0123315e+00
  -9.3244263e-01   8.0392102e+00
  -9.3306415e-01   8.0719350e+00
  -9.3347288e-01   8.0922424e+00
  -9.3420849e-01   8.1095965e+00
  -9.4641882e-01   8.1297959e+00
  -9.4505422e-01   8.1376856e+00
  -9.5193582e-01   8.1519569e+00
  -9.5098634e-01   8.1679526e+00
  -9.4161091e-01   8.1776606e+00
  -9.4020655e-01   8.1832827e+00
  -9.4655087e-01   8.1941557e+00
  -9.5521588e-01   8.2053343e+00
  -9.4663775e-01   8.2045799e+00
  -9.5167798e-01   8.2124093e+00
  -9.4309228e-01   8.2234132e+00
  -9.4020248e-01   8.2219529e+00
  -9.3340754e-01   8.2274933e+00
  -9.4570305e-01   8.2341857e+00
  -9.3246336e-01   8.2362089e+00
  -9.4089965e-01   8.2414469e+00
  -9.5621065e-01   8.2454537e+00
  -9.3304306e-01   8.2372879e+00
  -9.5128462e-01   8.2501731e+00
  -9.5478702e-01   8.2524555e+00
  -9.5409643e-01   8.2455956e+00
  -9.4054631e-01   8.2431621e+00
  -9.3992290e-01   8.2501378e+00
  -9.4045777e-01   8.2467692e+00
  -9.5341907e-01   8.2500519e+00
  -9.3840552e-01   8.2488443e+00
  -9.3764201e-01   8.2597441e+00
  -9.5478035e-01   8.2571144e+00
  -9.4056978e-01   8.2617545e+00
  -9.4020626e-01   8.2626374e+00
  -9.4547483e-01   8.2576167e+00
   3.5694065e-01   8.2568937e+00
   3.5772623e-01   8.2617591e+00
   3.3855369e-01   8.1503319e+00
   3.4180560e-01   7.9691166e+00
   3.4935731e-01   7.7328059e+00
   3.4465494e-01   7.4637316e+00
   3.3921270e-01   7.1801313e+00
   3.5981611e-01   6.8800200e+00
   3.3807292e-01   6.5620191e+00
   3.4127295e-01   6.2567363e+00
   3.5518559e-01   5.9692283e+00
   3.4291211e-01   5.6857780e+00
   3.3932925e-01   5.4096606e+00
   3.3831315e-01   5.1583491e+00
   3.5634823e-01   4.9097611e+00
   3.4171020e-01   4.6880892e+00
   3.4938465e-01   4.4766441e+00
   3.4903697e-01   4.2835895e+00
   3.5763138e-01   4.1025779e+00
   3.5958414e-01   3.9443393e+00
   3.5681855e-01   3.7941141e+00
   3.4470305e-01   3.6536443e+00
   3.4316651e-01   3.5345702e+00
   3.4077742e-01   3.4155279e+00
   3.5963510e-01   3.3152568e+00
   3.4908095e-01   3.2277224e+00
   3.5380233e-01   3.1404107e+00
   3.4130243e-01   3.0732499e+00
   3.5491671e-01   3.0062721e+00
   3.4351207e-01   2.9419186e+00
   3.4557174e-01   2.8817939e+00
   3.5176941e-01   2.8402161e+00
   3.3865529e-01   2.7979773e+00
   3.5322432e-01   2.7532209e+00
   3.5775523e-01   2.7188593e+00
   3.5340104e-01   2.6862270e+00
   3.4839824e-01   2.6573867e+00
   3.4172061e-01   2.6407499e+00
   3.4991395e-01   2.6068508e+00
   3.4765965e-01   2.5954003e+00
   3.5157236e-01   2.5753165e+00
   3.5408113e-01   2.5518224e+00
   3.4058141e-01   2.5382970e+00
   3.5376084e-01   2.5307625e+00
   3.5117902e-01   2.5159752e+00
   3.4593022e-01   2.5066345e+00
   3.5418442e-01   2.4978990e+00
   3.6078752e-01   2.4939304e+00
   3.5425793e-01   2.4934136e+00
   3.4670439e-01   2.4821593e+00
   3.4268583e-01   2.4761787e+00
   3.5414909e-01   2.4759150e+00
   3.4917672e-01   2.4662922e+00
   3.4340105e-01   2.4706939e+00
   3.4990137e-01   2.4667142e+00
   3.4041969e-01   2.4613316e+00
   3.5894548e-01   2.4538063e+00
   3.5200858e-01   2.4589412e+00
   3.5690918e-01   2.4531632e+00
   3.3958185e-01   2.4472084e+00
   3.5433958e-01   2.4455744e+00
   3.5755375e-01   2.4492364e+00
   3.4562206e-01   2.4510192e+00
   3.5718823e-01   2.4378826e+00
   3.5829247e-01   2.4457937e+00
   3.6090990e-01   2.4412198e+00
   3.3848000e-01   2.4427711e+00
   3.4451327e-01   2.4476169e+00
   3.4638777e-01   2.4399466e+00
  -5.9770901e-01   2.4395961e+00
  -5.9684147e-01   2.4406156e+00
  -5.9454109e-01   2.3866456e+00
  -5.9546436e-01   2.3100449e+00
  -6.0654113e-01   2.2062328e+00
  -5.9357682e-01   2.0780540e+00
  -6.0293160e-01   1.9339797e+00
  -6.1615597e-01   1.7966869e+00
  -5.9604925e-01   1.6551426e+00
  -6.0843412e-01   1.5213744e+00
  -6.0031055e-01   1.3765306e+00
  -6.1734758e-01   1.2559715e+00
  -6.0700901e-01   1.1191306e+00
  -6.0019207e-01   1.0022041e+00
  -6.1020994e-01   8.9264878e-01
  -6.0326303e-01   7.9218383e-01
  -6.1490900e-01   6.9522594e-01
  -6.0491380e-01   6.0545292e-01
  -6.0660776e-01   5.2968470e-01
  -6.1693034e-01   4.4451787e-01
  -6.0409432e-01   3.7734658e-01
  -6.1140562e-01   3.1298809e-01
  -5.9924983e-01   2.6443765e-01
  -6.0523201e-01   2.0536763e-01
  -6.0771704e-01   1.6572291e-01
  -6.0227031e-01   1.1945328e-01
  -6.0656970e-01   7.4611521e-02
  -5.9422436e-01   3.9638761e-02
  -5.9488459e-01   1.4742828e-02
  -6.0572489e-01  -1.9757480e-02
  -6.0988060e-01  -3.4733381e-02
  -5.9898664e-01  -6.1033512e-02
  -5.9725149e-01  -7.6405232e-02
  -6.0256979e-01  -1.0322237e-01
  -6.0504688e-01  -1.1758191e-01
  -5.9690193e-01  -1.2580077e-01
  -6.1749636e-01  -1.4081246e-01
  -6.1103222e-01  -1.6114306e-01
  -6.0871582e-01  -1.6982485e-01
  -6.1410894e-01  -1.7917362e-01
  -6.0825965e-01  -1.8755335e-01
  -6.0237751e-01  -1.8301366e-01
  -5.9367161e-01  -1.9536255e-01
  -6.1401219e-01  -2.0506687e-01
  -6.1103152e-01  -2.0522785e-01
  -5.9844478e-01  -2.1135543e-01
  -6.1323513e-01  -2.1032593e-01
  -6.1675701e-01  -2.1930868e-01
  -6.0078779e-01  -2.2201221e-01
  -6.1546770e-01  -2.2312332e-01
  -6.0377700e-01  -2.2118599e-01
  -6.0713771e-01  -2.3411040e-01
  -5.9916635e-01  -2.2989507e-01
  -5.9763435e-01  -2.2757898e-01
  -6.0596411e-01  -2.4086156e-01
  -6.1531093e-01  -2.3889156e-01
  -6.1693808e-01  -2.4327534e-01
  -6.0885654e-01  -2.3177486e-01
  -6.1622989e-01  -2.4215023e-01
  -5.9951915e-01  -2.4106137e-01
  -6.1589436e-01  -2.4417866e-01
  -6.1583142e-01  -2.4535158e-01
  -6.1042151e-01  -2.4425634e-01
  -5.9643786e-01  -2.4691464e-01
  -6.0343300e-01  -2.4464783e-01
  -6.0046695e-01  -2.4218727e-01
  -6.1225469e-01  -2.3731027e-01
  -6.0495263e-01  -2.4422107e-01
  -6.0286646e-01  -2.4171202e-01
   8.0339901e-01  -2.4262179e-01
   8.1750870e-01  -2.4493885e-01
   7.9991325e-01  -1.4063976e-01
   8.1026597e-01   4.7426544e-02
   8.0351522e-01   3.0405140e-01
   8.1403737e-01   5.8222463e-01
   8.0690872e-01   8.9358725e-01
   8.0952460e-01   1.2033990e+00
   8.1646087e-01   1.5219430e+00
   8.1615207e-01   1.8480526e+00
   8.0088434e-01   2.1593625e+00
   8.0439170e-01   2.4559958e+00
   8.1610915e-01   2.7382618e+00
   8.0322480e-01   3.0153736e+00
   8.2075130e-01   3.2677538e+00
   8.1696031e-01   3.5014689e+00
   8.1583874e-01   3.7230928e+00
   8.0631057e-01   3.9225511e+00
   8.0416251e-01   4.1054780e+00
   8.0940436e-01   4.2800048e+00
   8.0994642e-01   4.4332542e+00
   8.1592772e-01   4.5829103e+00
   8.0962920e-01   4.7016279e+00
   8.0523143e-01   4.8175024e+00
   7.9948601e-01   4.9329501e+00
   8.1083040e-01   5.0255975e+00
   8.1792608e-01   5.1084885e+00
   8.1481452e-01   5.1945293e+00
   8.1866925e-01   5.2675747e+00
   8.0544230e-01   5.3222771e+00
   8.0508702e-01   5.3914512e+00
   8.2028964e-01   5.4413323e+00
   8.2197215e-01   5.4810533e+00
   8.1794985e-01   5.5243062e+00
   8.0074548e-01   5.5665069e+00
   8.0287313e-01   5.5907361e+00
   8.0075001e-01   5.6236386e+00
   8.1523596e-01   5.6496583e+00
   8.0528472e-01   5.6665664e+00
   8.1284246e-01   5.6922319e+00
   8.1695212e-01   5.7173734e+00
   8.1883073e-01   5.7203633e+00
   8.1020882e-01   5.7402253e+00
   8.1523816e-01   5.7589807e+00
   8.1181647e-01   5.7615743e+00
   8.0929994e-01   5.7715835e+00
   8.2118249e-01   5.7823443e+00
   8.2217073e-01   5.7897637e+00
   8.2058253e-01   5.7951773e+00
   8.2018524e-01   5.8030313e+00
   7.9842448e-01   5.8141928e+00
   8.1890276e-01   5.8147392e+00
   8.1055263e-01   5.8284053e+00
   8.1538810e-01   5.8283226e+00
   8.0226713e-01   5.8250559e+00
   8.1448018e-01   5.8293747e+00
   8.1004345e-01   5.8285529e+00
   8.1798203e-01   5.8433463e+00
   8.0121761e-01   5.8327965e+00
   8.2145331e-01   5.8344743e+00
   8.0680744e-01   5.8430585e+00
   8.1784829e-01   5.8440097e+00
   8.1947506e-01   5.8408710e+00
   8.1689413e-01   5.8418912e+00
   8.0428771e-01   5.8440029e+00
   8.0820018e-01   5.8472398e+00
   8.1648458e-01   5.8514874e+00
   8.0765875e-01   5.8510414e+00
   8.1285217e-01   5.8565871e+00
   9.7307026e-01   5.8482569e+00
   9.6574868e-01   5.8480587e+00
   9.7278080e-01   5.8847769e+00
   9.7154209e-01   5.9458801e+00
   9.6729023e-01   6.0084078e+00
   9.6825718e-01   6.0923572e+00
   9.6425219e-01   6.1776868e+00
   9.6339857e-01   6.2737739e+00
   9.7804787e-01   6.3674927e+00
   9.6513053e-01   6.4620351e+00
   9.7688230e-01   6.5549648e+00
   9.7659499e-01   6.6426388e+00
   9.6938147e-01   6.7307753e+00
   9.8085654e-01   6.8090995e+00
   9.5997692e-01   6.8824189e+00
   9.8135083e-01   6.9447266e+00
   9.7229069e-01   7.0088378e+00
   9.6295693e-01   7.0736866e+00
   9.6360737e-01   7.1331522e+00
   9.7210006e-01   7.1849423e+00
   9.8209665e-01   7.2207376e+00
   9.6176790e-01   7.2691112e+00
   9.6629865e-01   7.3111595e+00
   9.6972939e-01   7.3426667e+00
   9.7003408e-01   7.3653928e+00
   9.6984765e-01   7.3966721e+00
   9.7038892e-01   7.4264003e+00
   9.7132234e-01   7.4463638e+00
   9.7953319e-01   7.4662126e+00
   9.6505027e-01   7.4912785e+00
   9.7541651e-01   7.5085549e+00
   9.6513527e-01   7.5174683e+00
   9.8028030e-01   7.5360133e+00
   9.6819254e-01   7.5475614e+00
   9.8062523e-01   7.5502322e+00
   9.8230282e-01   7.5704508e+00
   9.6199371e-01   7.5736563e+00
   9.6079211e-01   7.5771018e+00
   9.6710341e-01   7.5821042e+00
   9.8012655e-01   7.5955961e+00
   9.8298682e-01   7.5955442e+00
   9.6233479e-01   7.6037669e+00
   9.6617200e-01   7.6039017e+00
   9.7065366e-01   7.6130761e+00
   9.7671372e-01   7.6117660e+00
   9.7335824e-01   7.6133793e+00
   9.8172870e-01   7.6207335e+00
   9.6478515e-01   7.6220285e+00
   9.7957711e-01   7.6312006e+00
   9.6564295e-01   7.6292924e+00
   9.7412197e-01   7.6219933e+00
   9.8053926e-01   7.6267023e+00
   9.7785850e-01   7.6303832e+00
   9.6239470e-01   7.6283202e+00
   9.6674198e-01   7.6362388e+00
   9.6526617e-01   7.6402138e+00
   9.6956101e-01   7.6282221e+00
   9.7219705e-01   7.6399260e+00
   9.8179533e-01   7.6363802e+00
   9.8062516e-01   7.6408883e+00
   9.6788391e-01   7.6412461e+00
   9.6610225e-01   7.6445635e+00
   9.6082871e-01   7.6366712e+00
   9.6882908e-01   7.6453698e+00
   9.8026284e-01   7.6441237e+00
   9.6038296e-01   7.6431716e+00
   9.7619298e-01   7.6371297e+00
   9.7546296e-01   7.6433347e+00
   9.7133975e-01   7.6380426e+00
   3.6077027e-01   7.6373357e+00
   3.5052861e-01   7.6432839e+00
   3.5912006e-01   7.5520189e+00
   3.6110781e-01   7.3939506e+00
   3.6562471e-01   7.1874890e+00
   3.6687173e-01   6.9515467e+00
   3.6754669e-01   6.6876485e+00
   3.5576212e-01   6.4182121e+00
   3.5307583e-01   6.1515553e+00
   3.6758105e-01   5.8776398e+00
   3.5462833e-01   5.6301431e+00
   3.5524118e-01   5.3767407e+00
   3.7146973e-01   5.1321329e+00
   3.6625754e-01   4.9122724e+00
   3.5566840e-01   4.6937178e+00
   3.5375639e-01   4.5020020e+00
   3.6942396e-01   4.3179547e+00
   3.6424177e-01   4.1436059e+00
   3.6345026e-01   3.9836553e+00
   3.7029551e-01   3.8433139e+00
   3.5726944e-01   3.7156631e+00
   3.6729071e-01   3.5854000e+00
   3.5243778e-01   3.4860394e+00
   3.5821449e-01   3.3861721e+00
   3.6843848e-01   3.2898615e+00
   3.6281835e-01   3.2059945e+00
   3.6836459e-01   3.1414983e+00
   3.7115293e-01   3.0759019e+00
   3.6764728e-01   3.0121099e+00
   3.6436158e-01   2.9599652e+00
   3.5306582e-01   2.9091357e+00
   3.7181032e-01   2.8708479e+00
   3.4983725e-01   2.8289844e+00
   3.5511878e-01   2.7945540e+00
   3.5720061e-01   2.7699468e+00
   3.7231817e-01   2.7410878e+00
   3.5361111e-01   2.7110565e+00
   3.5514507e-01   2.6955170e+00
   3.5019369e-01   2.6749663e+00
   3.7059114e-01   2.6607794e+00
   3.5085501e-01   2.6333577e+00
   3.7237588e-01   2.6198559e+00
   3.6218094e-01   2.6062033e+00
   3.6423458e-01   2.5997888e+00
   3.6659718e-01   2.5861754e+00
   3.6884899e-01   2.5879169e+00
   3.6669901e-01   2.5827379e+00
   3.7218417e-01   2.5720563e+00
   3.5991661e-01   2.5682677e+00
   3.5836553e-01   2.5540168e+00
   3.6251798e-01   2.5475142e+00
   3.6252061e-01   2.5452780e+00
   3.5213267e-01   2.5441746e+00
   3.7051344e-01   2.5394283e+00
   3.5461530e-01   2.5407559e+00
   3.6650273e-01   2.5377474e+00
   3.5407349e-01   2.5292604e+00
   3.7042067e-01   2.5376323e+00
   3.6708905e-01   2.5373291e+00
   3.6856675e-01   2.5315420e+00
   3.7006609e-01   2.5273061e+00
   3.4988499e-01   2.5291735e+00
   3.6183130e-01   2.5215552e+00
   3.6984682e-01   2.5253682e+00
   3.6567779e-01   2.5284686e+00
   3.7120883e-01   2.5202187e+00
   3.6104546e-01   2.5237550e+00
   3.5672812e-01   2.5202937e+00
   3.7298396e-01   2.5171849e+00
   2.9007168e-01   2.5145246e+00
   2.9928305e-01   2.5149388e+00
   2.7977323e-01   2.5072144e+00
   2.8943137e-01   2.4898321e+00
   2.9144150e-01   2.4754069e+00
   2.8284097e-01   2.4447121e+00
   2.7771507e-01   2.4233927e+00
   2.8454401e-01   2.4004782e+00
   2.8286035e-01   2.3734004e+00
   2.9380076e-01   2.3378474e+00
   2.7792825e-01   2.3244658e+00
   2.8698463e-01   2.2976414e+00
   2.8258789e-01   2.2731911e+00
   2.7648122e-01   2.2502755e+00
   2.8429301e-01   2.2226533e+00
   2.8694634e-01   2.2014526e+00
   2.8305816e-01   2.1868814e+00
   2.9526469e-01   2.1717157e+00
   2.7967078e-01   2.1477384e+00
   2.8152019e-01   2.1394483e+00
   2.9407158e-01   2.1330579e+00
   2.7933073e-01   2.1092903e+00
   2.9100997e-01   2.1092305e+00
   2.8604163e-01   2.0877556e+00
   2.9836451e-01   2.0857231e+00
   2.9090688e-01   2.0710884e+00
   2.9675912e-01   2.0663730e+00
   2.7713254e-01   2.0600857e+00
   2.8804867e-01   2.0566774e+00
   2.9792148e-01   2.0556322e+00
   2.9101888e-01   2.0546064e+00
   2.8689856e-01   2.0412928e+00
   2.8957817e-01   2.0410520e+00
   2.9210349e-01   2.0381238e+00
   2.8079393e-01   2.0369968e+00
   2.8956180e-01   2.0287971e+00
   2.9442751e-01   2.0298498e+00
   2.8314910e-01   2.0309808e+00
   2.7882570e-01   2.0277017e+00
   2.7913173e-01   2.0202064e+00
   2.8791091e-01   2.0220886e+00
   2.9352301e-01   2.0203926e+00
   2.8142487e-01   2.0222439e+00
   2.8905356e-01   2.0127833e+00
   2.9968967e-01   2.0224412e+00
   2.9778360e-01   2.0168781e+00
   2.9336003e-01   2.0080770e+00
   2.8481826e-01   2.0124132e+00
   2.7687888e-01   2.0065164e+00
   2.9439235e-01   2.0145764e+00
   2.9780032e-01   2.0102496e+00
   2.9742887e-01   2.0113454e+00
   2.8299826e-01   2.0168783e+00
   2.9811757e-01   2.0169527e+00
   2.9182851e-01   2.0137609e+00
   2.9295497e-01   2.0148493e+00
   2.7874685e-01   2.0058498e+00
   2.8578062e-01   2.0056638e+00
   2.8032363e-01   2.0049741e+00
   2.9726615e-01   2.0139490e+00
   2.9649665e-01   2.0096415e+00
   2.8416972e-01   2.0051045e+00
   2.8740403e-01   2.0031934e+00
   2.9093883e-01   2.0147841e+00
   2.9371600e-01   2.0154059e+00
   2.8751862e-01   2.0151529e+00
   2.9240384e-01   2.0026514e+00
   2.7786489e-01   2.0066257e+00
   2.9946227e-01   2.0051793e+00
   4.1722087e-01   2.0055706e+00
   4.1190917e-01   2.0111421e+00
   4.1626876e-01   2.0292741e+00
   4.0952464e-01   2.0502826e+00
   4.0999234e-01   2.0802636e+00
   4.2199481e-01   2.1323428e+00
   4.2409582e-01   2.1783080e+00
   4.2542761e-01   2.2118540e+00
   4.2438026e-01   2.2651416e+00
   4.1934161e-01   2.3036466e+00
   4.0936996e-01   2.3551189e+00
   4.2473959e-01   2.4004501e+00
   4.0803174e-01   2.4393831e+00
   4.1539707e-01   2.4815524e+00
   4.2347458e-01   2.5112625e+00
   4.0900587e-01   2.5478724e+00
   4.0873028e-01   2.5841674e+00
   4.1643142e-01   2.6035269e+00
   4.2401312e-01   2.6408793e+00
   4.1021924e-01   2.6620748e+00
   4.2690347e-01   2.6793045e+00
   4.1135441e-01   2.7046180e+00
   4.2346547e-01   2.7255268e+00
   4.1397874e-01   2.7363798e+00
   4.0676282e-01   2.7564642e+00
   4.1946564e-01   2.7628161e+00
   4.1318438e-01   2.7782243e+00
   4.1525811e-01   2.7908990e+00
   4.2483877e-01   2.8074915e+00
   4.1961083e-01   2.8071904e+00
   4.2577647e-01   2.8223923e+00
   4.1035781e-01   2.8205581e+00
   4.0752901e-01   2.8290128e+00
   4.1124981e-01   2.8324352e+00
   4.1418615e-01   2.8396299e+00
   4.2109813e-01   2.8443842e+00
   4.2198327e-01   2.8478484e+00
   4.0529443e-01   2.8525793e+00
   4.0759947e-01   2.8605063e+00
   4.0415165e-01   2.8668108e+00
   4.2662994e-01   2.8625167e+00
   4.1390368e-01   2.8713960e+00
   4.1968731e-01   2.8717417e+00
   4.2428684e-01   2.8793833e+00
   4.1128243e-01   2.8734688e+00
   4.0479375e-01   2.8795906e+00
   4.2018882e-01   2.8795004e+00
   4.2299311e-01   2.8803363e+00
   4.0503666e-01   2.8739565e+00
   4.1255161e-01   2.8772876e+00
   4.2096104e-01   2.8763842e+00
   4.0682874e-01   2.8775517e+00
   4.1867625e-01   2.8807143e+00
   4.2306275e-01   2.8815223e+00
   4.1286527e-01   2.8898069e+00
   4.0778635e-01   2.8766715e+00
   4.2236034e-01   2.8804269e+00
   4.2162450e-01   2.8895696e+00
   4.1098398e-01   2.8844836e+00
   4.1541491e-01   2.8898186e+00
   4.1114184e-01   2.8911809e+00
   4.1075287e-01   2.8815544e+00
   4.1593708e-01   2.8815188e+00
   4.0445174e-01   2.8867958e+00
   4.0373426e-01   2.8877009e+00
   4.1679544e-01   2.8866635e+00
   4.0832045e-01   2.8850035e+00
   4.2256677e-01   2.8809425e+00
   4.2037363e-01   2.8879815e+00
   8.5777392e-01   2.8838374e+00
   8.4083812e-01   2.8930418e+00
   8.4956782e-01   2.9509297e+00
   8.4857242e-01   3.0510838e+00
   8.4403517e-01   3.1866646e+00
   8.4633868e-01   3.3423455e+00
   8.5087770e-01   3.5082288e+00
   8.4439995e-01   3.6736508e+00
   8.4074611e-01   3.8545035e+00
   8.5712524e-01   4.0288367e+00
   8.4812614e-01   4.1903845e+00
   8.4484750e-01   4.3550522e+00
   8.5560198e-01   4.5120086e+00
   8.4570351e-01   4.6583817e+00
   8.4909186e-01   4.7909163e+00
   8.3907331e-01   4.9304480e+00
   8.5516913e-01   5.0364201e+00
   8.5495779e-01   5.1475908e+00
   8.3901616e-01   5.2536253e+00
   8.5122797e-01   5.3530648e+00
   8.5552061e-01   5.4297354e+00
   8.5841202e-01   5.5150701e+00
   8.5358573e-01   5.5873802e+00
   8.5428463e-01   5.6416452e+00
   8.3764005e-01   5.7053934e+00
   8.3789984e-01   5.7513486e+00
   8.5653470e-01   5.8094975e+00
   8.3767339e-01   5.8411626e+00
   8.4444868e-01   5.8878749e+00
   8.3582454e-01   5.9161075e+00
   8.5845470e-01   5.9537046e+00
   8.3932891e-01   5.9750407e+00
   8.4284036e-01   6.0072942e+00
   8.3999873e-01   6.0190745e+00
   8.4810408e-01   6.0523124e+00
   8.3478776e-01   6.0662514e+00
   8.4358782e-01   6.0858970e+00
   8.5590156e-01   6.0939230e+00
   8.3940391e-01   6.1126090e+00
   8.4687015e-01   6.1175321e+00
   8.3965236e-01   6.1314591e+00
   8.4418023e-01   6.1325861e+00
   8.4548675e-01   6.1409050e+00
   8.4418296e-01   6.1571832e+00
   8.3796206e-01   6.1632650e+00
   8.5713437e-01   6.1697025e+00
   8.5157312e-01   6.1660908e+00
   8.5090738e-01   6.1773726e+00
   8.5426837e-01   6.1771379e+00
   8.5212268e-01   6.1848412e+00
   8.5444722e-01   6.1839177e+00
   8.4129649e-01   6.1916106e+00
   8.5351822e-01   6.1936085e+00
   8.5625690e-01   6.1869550e+00
   8.3730676e-01   6.1944868e+00
   8.5151329e-01   6.1994861e+00
   8.3640150e-01   6.1970303e+00
   8.4557869e-01   6.1958920e+00
   8.4978132e-01   6.1980154e+00
   8.3755065e-01   6.1920869e+00
   8.5397960e-01   6.1966620e+00
   8.5290852e-01   6.2064080e+00
   8.4834474e-01   6.1976186e+00
   8.4911575e-01   6.1966528e+00
   8.5698589e-01   6.2027424e+00
   8.3838250e-01   6.2014491e+00
   8.4160569e-01   6.2056355e+00
   8.5350960e-01   6.2079048e+00
   8.5250358e-01   6.1999136e+00
   1.4016602e-01   6.2016781e+00
   1.3667890e-01   6.2033493e+00
   1.3704119e-01   6.1096109e+00
   1.4485820e-01   5.9495743e+00
   1.2694233e-01   5.7343776e+00
   1.3094901e-01   5.4867252e+00
   1.2886885e-01   5.2237697e+00
   1.2963262e-01   4.9560882e+00
   1.4401626e-01   4.6799319e+00
   1.4672912e-01   4.3974158e+00
   1.3769956e-01   4.1398722e+00
   1.3741199e-01   3.8747639e+00
   1.3609092e-01   3.6229683e+00
   1.4856550e-01   3.3918519e+00
   1.3769598e-01   3.1841933e+00
   1.3457864e-01   2.9770857e+00
   1.3690809e-01   2.7816082e+00
   1.3212695e-01   2.6187998e+00
   1.4542184e-01   2.4494040e+00
   1.3431763e-01   2.3092077e+00
   1.3405590e-01   2.1712256e+00
   1.3627816e-01   2.0518740e+00
   1.3670355e-01   1.9286632e+00
   1.4650752e-01   1.8338771e+00
   1.3070830e-01   1.7396956e+00
   1.2775292e-01   1.6577232e+00
   1.4900969e-01   1.5757083e+00
   1.4161278e-01   1.5118050e+00
   1.4183682e-01   1.4555060e+00
   1.3055536e-01   1.3934200e+00
   1.4127639e-01   1.3508295e+00
   1.4144022e-01   1.3071389e+00
   1.2531409e-01   1.2609970e+00
   1.3370065e-01   1.2291949e+00
   1.4342420e-01   1.2024888e+00
   1.3698367e-01   1.1630976e+00
   1.3760832e-01   1.1449739e+00
   1.4129461e-01   1.1163815e+00
   1.2529557e-01   1.1001794e+00
   1.4052951e-01   1.0816801e+00
   1.4303493e-01   1.0621049e+00
   1.4765802e-01   1.0500481e+00
   1.4770451e-01   1.0357450e+00
   1.4868876e-01   1.0311719e+00
   1.3415181e-01   1.0137721e+00
   1.3063637e-01   1.0149103e+00
   1.3698993e-01   1.0015018e+00
   1.3617174e-01   1.0025012e+00
   1.3799732e-01   9.9118368e-01
   1.3125018e-01   9.8115245e-01
   1.3336646e-01   9.8305064e-01
   1.3839793e-01   9.8036517e-01
   1.3927501e-01   9.6779349e-01
   1.4167832e-01   9.6235933e-01
   1.4193951e-01   9.6338830e-01
   1.3851466e-01   9.6173032e-01
   1.3483376e-01   9.6791363e-01
   1.3307576e-01   9.5774142e-01
   1.4767884e-01   9.6069344e-01
   1.2968598e-01   9.5954942e-01
   1.3209060e-01   9.5580492e-01
   1.3651357e-01   9.5131823e-01
   1.3531709e-01   9.5397866e-01
   1.2639882e-01   9.4827652e-01
   1.4068339e-01   9.5500204e-01
   1.3346957e-01   9.5610794e-01
   1.4525000e-01   9.5552377e-01
   1.4746153e-01   9.4992334e-01
   1.3575880e-01   9.4921617e-01
   2.4183030e-01   9.4403425e-01
   2.3697533e-01   9.4039999e-01
   2.4708970e-01   9.6315749e-01
   2.4315795e-01   9.7639300e-01
   2.3458649e-01   1.0140618e+00
   2.4013755e-01   1.0468168e+00
   2.3575006e-01   1.0787274e+00
   2.4116905e-01   1.1136038e+00
   2.4368854e-01   1.1484226e+00
   2.4652546e-01   1.1937211e+00
   2.3817239e-01   1.2281011e+00
   2.4632678e-01   1.2614092e+00
   2.4303608e-01   1.2869413e+00
   2.4866514e-01   1.3253050e+00
   2.2888969e-01   1.3463419e+00
   2.3515624e-01   1.3711309e+00
   2.4266105e-01   1.4020122e+00
   2.2648962e-01   1.4267704e+00
   2.3667429e-01   1.4457137e+00
   2.4536062e-01   1.4627325e+00
   2.3829215e-01   1.4879276e+00
   2.3207285e-01   1.5070312e+00
   2.3297416e-01   1.5180032e+00
   2.4062780e-01   1.5308633e+00
   2.2736857e-01   1.5491771e+00
   2.4416142e-01   1.5602680e+00
   2.3255278e-01   1.5587489e+00
   2.2646927e-01   1.5773915e+00
   2.2525166e-01   1.5803497e+00
   2.4282807e-01   1.5927737e+00
   2.2685375e-01   1.6002047e+00
   2.3351960e-01   1.5958374e+00
   2.4417853e-01   1.6128134e+00
   2.4684658e-01   1.6183723e+00
   2.3169482e-01   1.6181095e+00
   2.2519129e-01   1.6185521e+00
   2.4156827e-01   1.6179463e+00
   2.2863560e-01   1.6321679e+00
   2.4401920e-01   1.6250462e+00
   2.3885162e-01   1.6262861e+00
   2.3599558e-01   1.6336479e+00
   2.3218578e-01   1.6328443e+00
   2.4703365e-01   1.6387860e+00
   2.3638398e-01   1.6325488e+00
   2.3050161e-01   1.6414690e+00
   2.3528608e-01   1.6439520e+00
   2.2789324e-01   1.6363029e+00
   2.2499850e-01   1.6474640e+00
   2.4481054e-01   1.6375540e+00
   2.4736149e-01   1.6454178e+00
   2.3751410e-01   1.6502893e+00
   2.3774774e-01   1.6455471e+00
   2.2790783e-01   1.6480603e+00
   2.2638411e-01   1.6453457e+00
   2.3628264e-01   1.6428796e+00
   2.4666311e-01   1.6459455e+00
   2.4759377e-01   1.6500728e+00
   2.2597928e-01   1.6457393e+00
   2.3581148e-01   1.6519118e+00
   2.4856892e-01   1.6556063e+00
   2.4777478e-01   1.6453310e+00
   2.3997530e-01   1.6423967e+00
   2.3302839e-01   1.6555382e+00
   2.4335036e-01   1.6462904e+00
   2.3193426e-01   1.6539746e+00
   2.3696551e-01   1.6446849e+00
   2.4381901e-01   1.6551699e+00
   2.4223988e-01   1.6497143e+00
   2.3763045e-01   1.6485473e+00
   6.8317222e-01   1.6466938e+00
   6.7336960e-01   1.6517852e+00
   6.6713595e-01   1.7113635e+00
   6.6863001e-01   1.7937219e+00
   6.6935566e-01   1.9232666e+00
   6.6682961e-01   2.0711691e+00
   6.8677095e-01   2.2174866e+00
   6.8501956e-01   2.3854216e+00
   6.7999906e-01   2.5453219e+00
   6.8648587e-01   2.7004708e+00
   6.8294447e-01   2.8537865e+00
   6.7824523e-01   3.0045092e+00
   6.7462438e-01   3.1557417e+00
   6.6587762e-01   3.2850840e+00
   6.8000354e-01   3.4180401e+00
   6.6523717e-01   3.5303905e+00
   6.8415989e-01   3.6479086e+00
   6.8040930e-01   3.7463255e+00
   6.7082101e-01   3.8439477e+00
   6.8166838e-01   3.9229656e+00
   6.7984326e-01   4.0033658e+00
   6.8570970e-01   4.0712749e+00
   6.8279490e-01   4.1333245e+00
   6.6393701e-01   4.1955247e+00
   6.8579846e-01   4.2546404e+00
   6.8302453e-01   4.3066795e+00
   6.7657318e-01   4.3506490e+00
   6.7466603e-01   4.3829680e+00
   6.8407188e-01   4.4244584e+00
   6.6580469e-01   4.4579298e+00
   6.7251471e-01   4.4820572e+00
   6.8577842e-01   4.5079613e+00
   6.7026384e-01   4.5346901e+00
   6.6565141e-01   4.5500925e+00
   6.8165631e-01   4.5670989e+00
   6.7003348e-01   4.5832073e+00
   6.8599549e-01   4.5967100e+00
   6.7348002e-01   4.6140390e+00
   6.8517265e-01   4.6316431e+00
   6.8082849e-01   4.6322435e+00
   6.7129283e-01   4.6462758e+00
   6.6389582e-01   4.6565775e+00
   6.6305395e-01   4.6553506e+00
   6.6602247e-01   4.6700458e+00
   6.8100614e-01   4.6710948e+00
   6.6364742e-01   4.6756747e+00
   6.7734727e-01   4.6847410e+00
   6.6442019e-01   4.6934106e+00
   6.7526448e-01   4.6932653e+00
   6.6589450e-01   4.6971977e+00
   6.6785113e-01   4.6894046e+00
   6.6349843e-01   4.7007401e+00
   6.7887137e-01   4.6969125e+00
   6.7172477e-01   4.7087611e+00
   6.6903447e-01   4.7091220e+00
   6.7417545e-01   4.7086660e+00
   6.7786356e-01   4.7045530e+00
   6.7933523e-01   4.7044471e+00
   6.6515289e-01   4.7091383e+00
   6.8580753e-01   4.7165762e+00
   6.7033424e-01   4.7119358e+00
   6.7874987e-01   4.7139220e+00
   6.6545713e-01   4.7108336e+00
   6.7825943e-01   4.7093804e+00
   6.7258217e-01   4.7206020e+00
   6.6549394e-01   4.7209586e+00
   6.7439249e-01   4.7207761e+00
   6.6925481e-01   4.7132011e+00
   6.7182344e-01   4.7193204e+00
  -5.0815228e-02   4.7209862e+00
  -3.9986469e-02   4.7091962e+00
  -3.5743903e-02   4.6209784e+00
  -3.8471269e-02   4.4678727e+00
  -3.5959071e-02   4.2653743e+00
  -3.8370337e-02   4.0351432e+00
  -5.5624517e-02   3.7826332e+00
  -4.0726101e-02   3.5282827e+00
  -3.9643954e-02   3.2568006e+00
  -4.0232122e-02   3.0059720e+00
  -4.2516494e-02   2.7418738e+00
  -3.3762819e-02   2.5045045e+00
  -4.6981588e-02   2.2719449e+00
  -5.5220674e-02   2.0543122e+00
  -4.2644486e-02   1.8403185e+00
  -5.4980586e-02   1.6490164e+00
  -5.2933470e-02   1.4623616e+00
  -3.6094639e-02   1.3066746e+00
  -3.8474155e-02   1.1548086e+00
  -5.2430636e-02   1.0059515e+00
  -4.5148107e-02   8.7577545e-01
  -3.9658632e-02   7.6466446e-01
  -4.0801357e-02   6.5646199e-01
  -4.1723920e-02   5.6438482e-01
  -4.9804719e-02   4.7574548e-01
  -3.7827237e-02   3.9781032e-01
  -4.2620433e-02   3.2285302e-01
  -4.8840034e-02   2.5542154e-01
  -3.4865276e-02   1.9919024e-01
  -4.1110539e-02   1.4212768e-01
  -5.1611736e-02   9.7288988e-02
  -3.6935480e-02   6.1858452e-02
  -3.3020233e-02   2.1777145e-02
  -3.7499638e-02  -1.8952845e-02
  -3.2810522e-02  -4.0427252e-02
  -4.3324625e-02  -7.4236274e-02
  -5.4488936e-02  -9.5300180e-02
  -3.3385605e-02  -1.1281126e-01
  -3.3400542e-02  -1.3711077e-01
  -3.2937010e-02  -1.4664975e-01
  -3.8358526e-02  -1.6932236e-01
  -5.4635818e-02  -1.7713473e-01
  -4.7418952e-02  -1.9747593e-01
  -4.8587180e-02  -1.9616740e-01
  -5.3327764e-02  -2.0544351e-01
  -5.5713320e-02  -2.2402132e-01
  -4.5528409e-02  -2.2573152e-01
  -5.1387488e-02  -2.3121678e-01
  -4.0180292e-02  -2.4541478e-01
  -4.6662411e-02  -2.4451690e-01
  -5.0893790e-02  -2.4391822e-01
  -4.7245365e-02  -2.5642190e-01
  -3.6959516e-02  -2.5829431e-01
  -4.9723662e-02  -2.6532273e-01
  -5.5721594e-02  -2.6667387e-01
  -4.7983702e-02  -2.6419167e-01
  -5.4262458e-02  -2.6162548e-01
  -4.9365666e-02  -2.7273560e-01
  -3.6953054e-02  -2.6629436e-01
  -4.1038361e-02  -2.7733778e-01
  -5.2170336e-02  -2.7067098e-01
  -4.1643908e-02  -2.7922222e-01
  -5.3475358e-02  -2.7127953e-01
  -4.5376968e-02  -2.7682164e-01
  -3.3489578e-02  -2.7800250e-01
  -4.7581701e-02  -2.7361334e-01
  -4.4027410e-02  -2.7631468e-01
  -4.0470569e-02  -2.8503511e-01
  -5.3684503e-02  -2.8702822e-01
   4.5224855e-01  -2.8467047e-01
   4.5278569e-01  -2.8541817e-01
   4.6296679e-01  -2.1745398e-01
   4.5323335e-01  -1.1604479e-01
   4.5188312e-01   2.3450247e-02
   4.6504179e-01   1.9221509e-01
   4.5607819e-01   3.6034877e-01
   4.5915975e-01   5.3922638e-01
   4.4705568e-01   7.1812422e-01
   4.5611726e-01   9.0848340e-01
   4.5368852e-01   1.0750735e+00
   4.5053387e-01   1.2469803e+00
   4.6841212e-01   1.4067364e+00
   4.4970353e-01   1.5595881e+00
   4.5255363e-01   1.7145107e+00
   4.6711554e-01   1.8481040e+00
   4.5502205e-01   1.9615507e+00
   4.5177151e-01   2.0861328e+00
   4.4911969e-01   2.1901013e+00
   4.6151835e-01   2.2861536e+00
   4.6001974e-01   2.3711738e+00
   4.5275511e-01   2.4569713e+00
   4.5408320e-01   2.5272565e+00
   4.6084319e-01   2.6000539e+00
   4.5750069e-01   2.6569335e+00
   4.4876960e-01   2.7110895e+00
   4.6630436e-01   2.7588063e+00
   4.5609351e-01   2.7974342e+00
   4.4861222e-01   2.8396413e+00
   4.5799550e-01   2.8859472e+00
   4.5781832e-01   2.9145947e+00
   4.6278736e-01   2.9383777e+00
   4.6166028e-01   2.9613896e+00
   4.4610010e-01   2.9920898e+00
   4.6324206e-01   3.0164099e+00
   4.5643159e-01   3.0273950e+00
   4.4789876e-01   3.0511594e+00
   4.5641539e-01   3.0590082e+00
   4.5442981e-01   3.0821161e+00
   4.5650392e-01   3.0925579e+00
   4.5406540e-01   3.0972437e+00
   4.6716547e-01   3.1099240e+00
   4.6139747e-01   3.1197694e+00
   4.5998188e-01   3.1200304e+00
   4.4830068e-01   3.1284686e+00
   4.4624720e-01   3.1334553e+00
   4.4840893e-01   3.1406059e+00
   4.5079912e-01   3.1390732e+00
   4.5345553e-01   3.1481347e+00
   4.6417160e-01   3.1453173e+00
   4.4826795e-01   3.1592349e+00
   4.5334232e-01   3.1518074e+00
   4.6802796e-01   3.1581189e+00
   4.6908350e-01   3.1659003e+00
   4.6441957e-01   3.1699475e+00
   4.6666437e-01   3.1612297e+00
   4.5787351e-01   3.1688065e+00
   4.5725279e-01   3.1752163e+00
   4.4644874e-01   3.1659753e+00
   4.6144911e-01   3.1690739e+00
   4.6352078e-01   3.1777123e+00
   4.4866995e-01   3.1741967e+00
   4.6181919e-01   3.1719967e+00
   4.5710611e-01   3.1717245e+00
   4.5417688e-01   3.1796092e+00
   4.6959167e-01   3.1787607e+00
   4.4574050e-01   3.1808323e+00
   4.6754770e-01   3.1737784e+00
   4.5226207e-01   3.1746108e+00
  -4.1792506e-01   3.1762877e+00
  -4.2398925e-01   3.1710120e+00
  -4.2341890e-01   3.0958620e+00
  -4.1634999e-01   2.9551284e+00
  -4.1590336e-01   2.7728216e+00
  -4.2276964e-01   2.5535886e+00
  -4.1072948e-01   2.3142388e+00
  -4.1800546e-01   2.0772302e+00
  -4.2530989e-01   1.8389922e+00
  -4.2671316e-01   1.5957105e+00
  -4.0939076e-01   1.3633828e+00
  -4.2016465e-01   1.1355035e+00
  -4.2898924e-01   9.1950798e-01
  -4.2158339e-01   7.1783614e-01
  -4.2354719e-01   5.2285082e-01
  -4.1530174e-01   3.4890111e-01
  -4.2060091e-01   1.8039342e-01
  -4.2161408e-01   3.0236394e-02
  -4.1352753e-01  -1.1837778e-01
  -4.1917392e-01  -2.5162518e-01
  -4.2476535e-01  -3.6912382e-01
  -4.2451485e-01  -4.6764367e-01
  -4.1991114e-01  -5.7008559e-01
  -4.2426888e-01  -6.5667829e-01
  -4.3068546e-01  -7.4284338e-01
  -4.2179455e-01  -8.1717891e-01
  -4.1236274e-01  -8.8667399e-01
  -4.2155604e-01  -9.3471793e-01
  -4.2519405e-01  -9.9005060e-01
  -4.3064122e-01  -1.0401423e+00
  -4.3005159e-01  -1.0882072e+00
  -4.1753664e-01  -1.1254814e+00
  -4.2523493e-01  -1.1602223e+00
  -4.1294473e-01  -1.1852424e+00
  -4.2510559e-01  -1.2172194e+00
  -4.1998638e-01  -1.2355508e+00
  -4.3079978e-01  -1.2678148e+00
  -4.3223034e-01  -1.2834975e+00
  -4.2685933e-01  -1.3048902e+00
  -4.1600241e-01  -1.3128982e+00
  -4.3120953e-01  -1.3346044e+00
  -4.2771250e-01  -1.3436547e+00
  -4.1910777e-01  -1.3478405e+00
  -4.1973773e-01  -1.3652998e+00
  -4.1820654e-01  -1.3744971e+00
  -4.2729582e-01  -1.3807710e+00
  -4.2350685e-01  -1.3838936e+00
  -4.1579491e-01  -1.3882515e+00
  -4.2470495e-01  -1.3971396e+00
  -4.1173396e-01  -1.3992273e+00
  -4.1635002e-01  -1.4102231e+00
  -4.1427387e-01  -1.4112585e+00
  -4.1041125e-01  -1.4096823e+00
  -4.2226116e-01  -1.4183670e+00
  -4.1504370e-01  -1.4180320e+00
  -4.2453525e-01  -1.4224970e+00
  -4.3155453e-01  -1.4288602e+00
  -4.1417401e-01  -1.4320149e+00
  -4.2626060e-01  -1.4265633e+00
  -4.2437662e-01  -1.4343410e+00
  -4.2839175e-01  -1.4332807e+00
  -4.1289118e-01  -1.4291242e+00
  -4.2173213e-01  -1.4371862e+00
  -4.1295499e-01  -1.4380744e+00
  -4.3166206e-01  -1.4276131e+00
  -4.2613820e-01  -1.4385922e+00
  -4.0985499e-01  -1.4329202e+00
  -4.0889083e-01  -1.4336700e+00
  -4.2923639e-01  -1.4352629e+00
  -2.4783455e-01  -1.4333129e+00
  -2.5841152e-01  -1.4391869e+00
  -2.6938796e-01  -1.4335851e+00
  -2.6789082e-01  -1.4314679e+00
  -2.5701994e-01  -1.4298922e+00
  -2.7123570e-01  -1.4233117e+00
  -2.5177656e-01  -1.4158982e+00
  -2.6669553e-01  -1.4096894e+00
  -2.5562031e-01  -1.4098895e+00
  -2.6734997e-01  -1.4010714e+00
  -2.6494148e-01  -1.3938781e+00
  -2.6653196e-01  -1.3974179e+00
  -2.5406344e-01  -1.3886537e+00
  -2.4992511e-01  -1.3814260e+00
  -2.6650052e-01  -1.3768355e+00
  -2.6899184e-01  -1.3708569e+00
  -2.7034657e-01  -1.3680189e+00
  -2.5756934e-01  -1.3714687e+00
  -2.5895934e-01  -1.3648334e+00
  -2.5345585e-01  -1.3625210e+00
  -2.6278502e-01  -1.3671961e+00
  -2.6518327e-01  -1.3561082e+00
  -2.6025753e-01  -1.3630504e+00
  -2.4928663e-01  -1.3526291e+00
  -2.5086559e-01  -1.3589487e+00
  -2.6874769e-01  -1.3529933e+00
  -2.5227156e-01  -1.3498330e+00
  -2.6347247e-01  -1.3446045e+00
  -2.5395612e-01  -1.3480583e+00
  -2.4821166e-01  -1.3446967e+00
  -2.5597020e-01  -1.3444541e+00
  -2.5446766e-01  -1.3501197e+00
  -2.6822435e-01  -1.3455208e+00
  -2.6285221e-01  -1.3394431e+00
  -2.7082977e-01  -1.3421602e+00
  -2.5532210e-01  -1.3473298e+00
  -2.5804719e-01  -1.3455881e+00
  -2.6159873e-01  -1.3347049e+00
  -2.5982668e-01  -1.3355181e+00
  -2.5143226e-01  -1.3335140e+00
  -2.6442080e-01  -1.3443576e+00
  -2.4769981e-01  -1.3405830e+00
  -2.5918796e-01  -1.3348105e+00
  -2.6935871e-01  -1.3441616e+00
  -2.5124884e-01  -1.3436251e+00
  -2.6950530e-01  -1.3455530e+00
  -2.7133355e-01  -1.3413417e+00
  -2.6553563e-01  -1.3400352e+00
  -2.5691742e-01  -1.3446259e+00
  -2.6691062e-01  -1.3314405e+00
  -2.6105169e-01  -1.3424056e+00
  -2.5693563e-01  -1.3336133e+00
  -2.5744786e-01  -1.3440233e+00
  -2.6529347e-01  -1.3408944e+00
  -2.6376083e-01  -1.3370399e+00
  -2.5708865e-01  -1.3377132e+00
  -2.4912873e-01  -1.3373391e+00
  -2.5293790e-01  -1.3343046e+00
  -2.6142555e-01  -1.3341540e+00
  -2.5552717e-01  -1.3338191e+00
  -2.5833141e-01  -1.3384341e+00
  -2.6217075e-01  -1.3378848e+00
  -2.6391594e-01  -1.3365975e+00
  -2.6640961e-01  -1.3374206e+00
  -2.6035854e-01  -1.3399056e+00
  -2.6935984e-01  -1.3366811e+00
  -2.5846676e-01  -1.3393252e+00
  -2.6638345e-01  -1.3371943e+00
  -2.5970971e-01  -1.3317794e+00
   3.8506209e-01  -1.3411565e+00
   3.8745700e-01  -1.3396033e+00
   4.0715415e-01  -1.2682455e+00
   3.8867127e-01  -1.1443399e+00
   3.8454759e-01  -9.7108198e-01
   3.8917847e-01  -7.8410940e-01
   4.0091596e-01  -5.8047640e-01
   4.0741491e-01  -3.6916927e-01
   4.0395415e-01  -1.4225560e-01
   3.9990833e-01   6.9986646e-02
   3.8654591e-01   2.6793010e-01
   4.0182886e-01   4.7276854e-01
   3.8442710e-01   6.6907755e-01
   4.0443507e-01   8.4222760e-01
   4.0398551e-01   1.0217001e+00
   3.8473912e-01   1.1774554e+00
   4.0237369e-01   1.3274320e+00
   3.8388363e-01   1.4519810e+00
   3.9514162e-01   1.5844736e+00
   3.9240569e-01   1.6990168e+00
   4.0156782e-01   1.8005723e+00
   3.9033531e-01   1.8988541e+00
   4.0371352e-01   1.9783531e+00
   3.8454989e-01   2.0565909e+00
   4.0457404e-01   2.1357444e+00
   3.9167891e-01   2.2006495e+00
   3.8725888e-01   2.2585173e+00
   4.0234048e-01   2.3066464e+00
   3.8525883e-01   2.3579939e+00
   3.8516229e-01   2.3988869e+00
   3.8945305e-01   2.4411097e+00
   3.9094973e-01   2.4716186e+00
   4.0035081e-01   2.4979219e+00
   4.0504586e-01   2.5342564e+00
   3.8649053e-01   2.5602223e+00
   3.9064746e-01   2.5830125e+00
   3.9978798e-01   2.6042504e+00
   4.0160428e-01   2.6219713e+00
   3.8971997e-01   2.6311598e+00
   3.9765987e-01   2.6431219e+00
   3.9185715e-01   2.6577468e+00
   3.9308512e-01   2.6747607e+00
   3.8722228e-01   2.6756285e+00
   3.9037605e-01   2.6913513e+00
   3.9370568e-01   2.6884043e+00
   3.8487146e-01   2.7073295e+00
   3.9741892e-01   2.7030807e+00
   4.0161423e-01   2.7115577e+00
   3.9705064e-01   2.7247169e+00
   3.9457644e-01   2.7166082e+00
   3.8954348e-01   2.7244893e+00
   3.8874947e-01   2.7366817e+00
   3.9555129e-01   2.7268191e+00
   3.9013102e-01   2.7305460e+00
   3.9371471e-01   2.7397693e+00
   3.8670017e-01   2.7429805e+00
   4.0706597e-01   2.7369620e+00
   4.0523525e-01   2.7407195e+00
   4.0749741e-01   2.7415689e+00
   3.9746893e-01   2.7446812e+00
   3.9654271e-01   2.7467751e+00
   3.8990652e-01   2.7456847e+00
   4.0382089e-01   2.7430613e+00
   3.9320839e-01   2.7547252e+00
   4.0576664e-01   2.7450337e+00
   3.8411989e-01   2.7448223e+00
   4.0233099e-01   2.7506742e+00
   3.9392764e-01   2.7495482e+00
   3.8882619e-01   2.7506278e+00
  -3.2175793e-01   2.7505983e+00
  -3.1103540e-01   2.7562523e+00
  -3.0797995e-01   2.6832858e+00
  -3.0337824e-01   2.5539917e+00
  -3.0204188e-01   2.3841591e+00
  -3.1873453e-01   2.1872859e+00
  -3.1819091e-01   1.9751546e+00
  -3.2267073e-01   1.7561112e+00
  -3.0392344e-01   1.5301397e+00
  -3.1330328e-01   1.3148225e+00
  -3.0321063e-01   1.0943502e+00
  -3.0805024e-01   8.8516782e-01
  -3.2268629e-01   6.9320963e-01
  -3.1132498e-01   5.1303342e-01
  -3.1624742e-01   3.2736747e-01
  -3.1960068e-01   1.6720765e-01
  -3.1827507e-01   1.8506005e-02
  -3.0853581e-01  -1.2707993e-01
  -3.0994568e-01  -2.4932159e-01
  -3.0471006e-01  -3.6248569e-01
  -3.0486964e-01  -4.7766509e-01
  -3.0329198e-01  -5.7381358e-01
  -3.2205173e-01  -6.6035671e-01
  -3.1470005e-01  -7.3937887e-01
  -3.1286482e-01  -8.2520284e-01
  -3.0116317e-01  -8.8087722e-01
  -3.2090217e-01  -9.4745216e-01
  -3.2001459e-01  -9.9657951e-01
  -3.0481132e-01  -1.0464499e+00
  -3.0392559e-01  -1.0879486e+00
  -3.1420025e-01  -1.1276334e+00
  -3.1584335e-01  -1.1720611e+00
  -3.1964447e-01  -1.2015902e+00
  -3.0800303e-01  -1.2247866e+00
  -3.2337826e-01  -1.2569340e+00
  -3.0964704e-01  -1.2702660e+00
  -3.1312961e-01  -1.2900387e+00
  -3.1880428e-01  -1.3111203e+00
  -3.0718591e-01  -1.3294435e+00
  -3.1784023e-01  -1.3450577e+00
  -3.0775525e-01  -1.3509174e+00
  -3.1936226e-01  -1.3701594e+00
  -3.0429078e-01  -1.3726971e+00
  -3.0336668e-01  -1.3871925e+00
  -3.0819802e-01  -1.3950267e+00
  -3.0146027e-01  -1.4024836e+00
  -3.0042437e-01  -1.4062894e+00
  -3.1055573e-01  -1.4094446e+00
  -3.1649183e-01  -1.4191345e+00
  -3.0058911e-01  -1.4280962e+00
  -3.0138607e-01  -1.4307260e+00
  -3.0358758e-01  -1.4304551e+00
  -3.0237852e-01  -1.4348348e+00
  -3.2369405e-01  -1.4311273e+00
  -3.0683531e-01  -1.4329836e+00
  -3.0862694e-01  -1.4386456e+00
  -3.1119508e-01  -1.4438046e+00
  -3.1512627e-01  -1.4463691e+00
  -3.0812369e-01  -1.4483071e+00
  -3.2310098e-01  -1.4470203e+00
  -3.1399300e-01  -1.4469718e+00
  -3.1791659e-01  -1.4460986e+00
  -3.0129253e-01  -1.4538396e+00
  -3.0457478e-01  -1.4476333e+00
  -3.2089270e-01  -1.4489759e+00
  -3.0979397e-01  -1.4594988e+00
  -3.1728880e-01  -1.4534670e+00
  -3.0155833e-01  -1.4478910e+00
  -3.0199207e-01  -1.4607503e+00
   6.4391520e-01  -1.4480136e+00
   6.3235560e-01  -1.4594601e+00
   6.3152939e-01  -1.3559644e+00
   6.4870335e-01  -1.1648466e+00
   6.3661626e-01  -9.2403417e-01
   6.3605461e-01  -6.5226168e-01
   6.3874461e-01  -3.5494217e-01
   6.4151420e-01  -4.2623300e-02
   6.3269329e-01   2.7323833e-01
   6.3329063e-01   5.8250665e-01
   6.5204751e-01   8.8240892e-01
   6.4594588e-01   1.1734064e+00
   6.3467783e-01   1.4460214e+00
   6.3890022e-01   1.7041343e+00
   6.4080063e-01   1.9487610e+00
   6.3685204e-01   2.1898925e+00
   6.4498347e-01   2.3960630e+00
   6.4636854e-01   2.5861396e+00
   6.5049970e-01   2.7691642e+00
   6.5374496e-01   2.9376951e+00
   6.3376816e-01   3.0897995e+00
   6.3810424e-01   3.2286776e+00
   6.4698717e-01   3.3608595e+00
   6.3498196e-01   3.4775714e+00
   6.4859247e-01   3.5775955e+00
   6.3232089e-01   3.6645396e+00
   6.4689140e-01   3.7599221e+00
   6.3386284e-01   3.8277659e+00
   6.4810043e-01   3.8964605e+00
   6.3308663e-01   3.9658872e+00
   6.4914565e-01   4.0138610e+00
   6.4466523e-01   4.0667943e+00
   6.4984506e-01   4.1154280e+00
   6.3454588e-01   4.1452265e+00
   6.4585957e-01   4.1886364e+00
   6.3493811e-01   4.2119030e+00
   6.3254176e-01   4.2535711e+00
   6.3379452e-01   4.2694864e+00
   6.4394350e-01   4.2956754e+00
   6.3765707e-01   4.3152598e+00
   6.4240881e-01   4.3266403e+00
   6.4037350e-01   4.3481479e+00
   6.3250722e-01   4.3637643e+00
   6.4639691e-01   4.3696424e+00
   6.3334766e-01   4.3876346e+00
   6.5072828e-01   4.4010658e+00
   6.4843986e-01   4.4100338e+00
   6.4823857e-01   4.4153399e+00
   6.5341222e-01   4.4255467e+00
   6.5180767e-01   4.4285856e+00
   6.3160055e-01   4.4357256e+00
   6.4983971e-01   4.4417977e+00
   6.5037461e-01   4.4367457e+00
   6.3971474e-01   4.4389902e+00
   6.3797470e-01   4.4541091e+00
   6.4414647e-01   4.4526008e+00
   6.3372705e-01   4.4570371e+00
   6.4964819e-01   4.4588791e+00
   6.3307876e-01   4.4611546e+00
   6.4949582e-01   4.4575113e+00
   6.4495847e-01   4.4602773e+00
   6.5000998e-01   4.4668580e+00
   6.4113810e-01   4.4601210e+00
   6.3663303e-01   4.4651078e+00
   6.4578700e-01   4.4685886e+00
   6.3081158e-01   4.4704697e+00
   6.3615283e-01   4.4706507e+00
   6.5289147e-01   4.4676788e+00
   6.4249987e-01   4.4734703e+00
  -4.7643961e-01   4.4661917e+00
  -4.7923247e-01   4.4716936e+00
  -4.8777986e-01   4.3615761e+00
  -4.8787268e-01   4.1900595e+00
  -4.9169342e-01   3.9646427e+00
  -4.7310459e-01   3.6939827e+00
  -4.7967787e-01   3.4212221e+00
  -4.9526750e-01   3.1212298e+00
  -4.9312669e-01   2.8237952e+00
  -4.7982103e-01   2.5194477e+00
  -4.7846557e-01   2.2251471e+00
  -4.7391008e-01   1.9513260e+00
  -4.9234921e-01   1.6869784e+00
  -4.9405096e-01   1.4285762e+00
  -4.9307699e-01   1.1921590e+00
  -4.9304607e-01   9.7707231e-01
  -4.8952400e-01   7.7528591e-01
  -4.9173023e-01   5.9197910e-01
  -4.7855608e-01   4.1782648e-01
  -4.7805894e-01   2.4830161e-01
  -4.8602493e-01   1.0809895e-01
  -4.7307760e-01  -3.1861721e-02
  -4.8966355e-01  -1.4436982e-01
  -4.8641045e-01  -2.5998967e-01
  -4.7570776e-01  -3.6034652e-01
  -4.9425911e-01  -4.4796633e-01
  -4.8177179e-01  -5.2542395e-01
  -4.8622183e-01  -5.9669193e-01
  -4.9267407e-01  -6.7224760e-01
  -4.9065888e-01  -7.2074894e-01
  -4.8572361e-01  -7.8568013e-01
  -4.7405913e-01  -8.2290466e-01
  -4.8346519e-01  -8.6745494e-01
  -4.7397596e-01  -9.0722214e-01
  -4.8409368e-01  -9.4285006e-01
  -4.9389145e-01  -9.7391317e-01
  -4.9434086e-01  -9.9538863e-01
  -4.8340507e-01  -1.0270918e+00
  -4.7444455e-01  -1.0500139e+00
  -4.7339387e-01  -1.0643703e+00
  -4.9618089e-01  -1.0910847e+00
  -4.8584392e-01  -1.0969581e+00
  -4.8569270e-01  -1.1126681e+00
  -4.7837414e-01  -1.1240674e+00
  -4.7595861e-01  -1.1322392e+00
  -4.9297794e-01  -1.1451971e+00
  -4.8487843e-01  -1.1474979e+00
  -4.8749449e-01  -1.1639931e+00
  -4.7476157e-01  -1.1696939e+00
  -4.9623550e-01  -1.1740185e+00
  -4.7515501e-01  -1.1755999e+00
  -4.8577594e-01  -1.1825891e+00
  -4.7575120e-01  -1.1903006e+00
  -4.7367839e-01  -1.1932778e+00
  -4.8849619e-01  -1.1989482e+00
  -4.9311711e-01  -1.1971286e+00
  -4.8267288e-01  -1.2039336e+00
  -4.7597720e-01  -1.2001543e+00
  -4.7733136e-01  -1.1997752e+00
  -4.7978169e-01  -1.2070708e+00
  -4.7793495e-01  -1.2099887e+00
  -4.8464237e-01  -1.2081538e+00
  -4.9598618e-01  -1.2157485e+00
  -4.7680608e-01  -1.2118595e+00
  -4.9068698e-01  -1.2091627e+00
  -4.7495412e-01  -1.2123782e+00
  -4.9633859e-01  -1.2173218e+00
  -4.8022566e-01  -1.2211518e+00
  -4.8377600e-01  -1.2086334e+00
  -1.3074852e-01  -1.2106921e+00
  -1.3647091e-01  -1.2105638e+00
  -1.2316753e-01  -1.2028316e+00
  -1.1986454e-01  -1.1893853e+00
  -1.2423779e-01  -1.1855508e+00
  -1.4051908e-01  -1.1646956e+00
  -1.2901404e-01  -1.1331045e+00
  -1.3542168e-01  -1.1094371e+00
  -1.3796295e-01  -1.0958602e+00
  -1.3325387e-01  -1.0700493e+00
  -1.1935433e-01  -1.0555747e+00
  -1.2802091e-01  -1.0294732e+00
  -1.2843375e-01  -1.0138764e+00
  -1.3690401e-01  -9.9401910e-01
  -1.3615325e-01  -9.6748468e-01
  -1.3330408e-01  -9.5233114e-01
  -1.2938432e-01  -9.3851711e-01
  -1.2952152e-01  -9.2576244e-01
  -1.4246461e-01  -9.0870832e-01
  -1.2623612e-01  -9.0212583e-01
  -1.3295260e-01  -8.8573403e-01
  -1.1901518e-01  -8.7629678e-01
  -1.2970322e-01  -8.7619793e-01
  -1.2945046e-01  -8.5905835e-01
  -1.2778279e-01  -8.5332587e-01
  -1.3310241e-01  -8.5346223e-01
  -1.2252257e-01  -8.4500170e-01
  -1.2234358e-01  -8.3478827e-01
  -1.3934861e-01  -8.2685506e-01
  -1.3553198e-01  -8.3345872e-01
  -1.3529731e-01  -8.2613635e-01
  -1.3058529e-01  -8.1575209e-01
  -1.2211059e-01  -8.1842664e-01
  -1.2799427e-01  -8.2131055e-01
  -1.2030378e-01  -8.1448019e-01
  -1.3364750e-01  -8.0704181e-01
  -1.2178831e-01  -8.0657540e-01
  -1.3186255e-01  -8.0329154e-01
  -1.2084372e-01  -8.0660874e-01
  -1.2701169e-01  -7.9637105e-01
  -1.2862954e-01  -8.0429032e-01
  -1.2647146e-01  -7.9991184e-01
  -1.3489667e-01  -8.0096620e-01
  -1.2767927e-01  -8.0441201e-01
  -1.2648675e-01  -8.0422946e-01
  -1.3799198e-01  -8.0309993e-01
  -1.2043205e-01  -7.9091732e-01
  -1.2130076e-01  -8.0301329e-01
  -1.2376000e-01  -7.9718992e-01
  -1.2496575e-01  -7.8892314e-01
  -1.2414866e-01  -8.0117004e-01
  -1.3794005e-01  -7.9579349e-01
  -1.3924021e-01  -7.9201163e-01
  -1.2450343e-01  -7.9682048e-01
  -1.3018965e-01  -8.0057288e-01
  -1.2128076e-01  -7.9765366e-01
  -1.2630837e-01  -7.8762929e-01
  -1.2700993e-01  -7.9186585e-01
  -1.3792940e-01  -7.8725599e-01
  -1.2403033e-01  -7.9161224e-01
  -1.1926559e-01  -7.9713920e-01
  -1.2073180e-01  -7.9446455e-01
  -1.2699617e-01  -7.9052471e-01
  -1.2580857e-01  -7.8668240e-01
  -1.3722789e-01  -7.9377124e-01
  -1.2897233e-01  -7.9138059e-01
  -1.4139197e-01  -7.8550908e-01
  -1.2482120e-01  -7.9500256e-01
  -1.3151635e-01  -7.9298066e-01
   3.2155509e-01  -7.9339753e-01
   3.2270648e-01  -7.8661428e-01
   3.2117942e-01  -7.4466129e-01
   3.1745095e-01  -6.4683650e-01
   3.1334729e-01  -5.1810014e-01
   3.1093584e-01  -3.7448558e-01
   3.2504774e-01  -2.3200885e-01
   3.3174790e-01  -7.4572896e-02
   3.2667615e-01   9.8022111e-02
   3.2589208e-01   2.5684660e-01
   3.2917492e-01   4.0799740e-01
   3.1404412e-01   5.5414852e-01
   3.1684248e-01   7.0456984e-01
   3.1577438e-01   8.3025312e-01
   3.1643623e-01   9.6443519e-01
   3.2317182e-01   1.0835183e+00
   3.1668532e-01   1.1807174e+00
   3.1403452e-01   1.2848598e+00
   3.1392914e-01   1.3740268e+00
   3.3161312e-01   1.4649365e+00
   3.3071932e-01   1.5474784e+00
   3.2676645e-01   1.6155535e+00
   3.2908400e-01   1.6819383e+00
   3.1600330e-01   1.7363006e+00
   3.3239418e-01   1.7957694e+00
   3.2414586e-01   1.8343538e+00
   3.2787685e-01   1.8823940e+00
   3.1642077e-01   1.9291650e+00
   3.1940931e-01   1.9622781e+00
   3.3370569e-01   1.9866558e+00
   3.2428442e-01   2.0222218e+00
   3.3125300e-01   2.0421524e+00
   3.1955157e-01   2.0682753e+00
   3.3270318e-01   2.0926283e+00
   3.3123989e-01   2.1066226e+00
   3.2324876e-01   2.1281103e+00
   3.2046668e-01   2.1401599e+00
   3.2606267e-01   2.1505878e+00
   3.3257328e-01   2.1652963e+00
   3.2804203e-01   2.1667227e+00
   3.2535267e-01   2.1857974e+00
   3.2067959e-01   2.1847868e+00
   3.2365503e-01   2.1979881e+00
   3.1454184e-01   2.2021447e+00
   3.2198937e-01   2.2132888e+00
   3.1472726e-01   2.2130997e+00
   3.2926031e-01   2.2233518e+00
   3.2311884e-01   2.2243329e+00
   3.3371197e-01   2.2290020e+00
   3.2604925e-01   2.2258666e+00
   3.2671961e-01   2.2379338e+00
   3.1769768e-01   2.2388737e+00
   3.1351692e-01   2.2419998e+00
   3.3352309e-01   2.2436093e+00
   3.2450872e-01   2.2446173e+00
   3.2938761e-01   2.2408561e+00
   3.2674500e-01   2.2368459e+00
   3.1969759e-01   2.2475109e+00
   3.1993660e-01   2.2472854e+00
   3.2027806e-01   2.2453986e+00
   3.3275971e-01   2.2393516e+00
   3.2422057e-01   2.2499021e+00
   3.2558472e-01   2.2471786e+00
   3.2317829e-01   2.2528435e+00
   3.2903449e-01   2.2549540e+00
   3.2162287e-01   2.2433430e+00
   3.2881285e-01   2.2448445e+00
   3.2651100e-01   2.2433750e+00
   3.2077292e-01   2.2542515e+00
   3.1768878e-01   2.2442043e+00
   3.2969552e-01   2.2574059e+00
   3.3248593e-01   2.2530388e+00
   3.3940729e-01   2.2582318e+00
   3.3723601e-01   2.2482415e+00
   3.2470502e-01   2.2555807e+00
   3.3045989e-01   2.2613815e+00
   3.2773023e-01   2.2650609e+00
   3.3598211e-01   2.2637193e+00
   3.1954779e-01   2.2665563e+00
   3.2230026e-01   2.2715043e+00
   3.2111633e-01   2.2705702e+00
   3.1964298e-01   2.2776243e+00
   3.3887305e-01   2.2710655e+00
   3.3113961e-01   2.2805836e+00
   3.3319748e-01   2.2784348e+00
   3.3033269e-01   2.2827615e+00
   3.2479060e-01   2.2819915e+00
   3.2794769e-01   2.2773988e+00
   3.2872036e-01   2.2857677e+00
   3.2324005e-01   2.2815657e+00
   3.3614307e-01   2.2921276e+00
   3.3521554e-01   2.2833610e+00
   3.3955478e-01   2.2917167e+00
   3.2690699e-01   2.2914657e+00
   3.3670497e-01   2.2906825e+00
   3.3870484e-01   2.2929360e+00
   3.2323307e-01   2.2936310e+00
   3.2173504e-01   2.2982725e+00
   3.1730785e-01   2.2928413e+00
   3.2943981e-01   2.2889293e+00
   3.2091148e-01   2.2871645e+00
   3.2749600e-01   2.2909568e+00
   3.2001912e-01   2.2931024e+00
   3.2753934e-01   2.2896104e+00
   3.4029952e-01   2.2996795e+00
   3.2558031e-01   2.2883298e+00
   3.3203606e-01   2.2989143e+00
   3.3592859e-01   2.2938271e+00
   3.2192471e-01   2.2980374e+00
   3.2587506e-01   2.2985638e+00
   3.2441476e-01   2.2893366e+00
   3.3189264e-01   2.2959456e+00
   3.2623073e-01   2.3019708e+00
   3.3675146e-01   2.2940941e+00
   3.1971113e-01   2.2946375e+00
   3.2084246e-01   2.3030309e+00
   3.3745785e-01   2.2942941e+00
   3.3990222e-01   2.3015478e+00
   3.2172700e-01   2.3024925e+00
   3.3287629e-01   2.3028664e+00
   3.3539545e-01   2.2897695e+00
   3.2976686e-01   2.3016941e+00
   3.2988502e-01   2.2978621e+00
   3.2719554e-01   2.2938821e+00
   3.2045231e-01   2.2967940e+00
   3.1780593e-01   2.2916324e+00
   3.3833050e-01   2.3004255e+00
   3.2279253e-01   2.3032047e+00
   3.3899471e-01   2.2920949e+00
   3.3649246e-01   2.2943534e+00
   3.2704468e-01   2.2985798e+00
   3.3479827e-01   2.3015484e+00
   3.3652240e-01   2.2940390e+00
   3.2748462e-01   2.2943591e+00
   3.1969383e-01   2.2964617e+00
   3.1862091e-01   2.2925980e+00
   3.2147158e-01   2.2923133e+00
   3.2743870e-01   2.2996278e+00
  -3.0836424e-01   2.2999358e+00
  -2.9986979e-01   2.2967306e+00
  -3.1083130e-01   2.2237293e+00
  -2.9220340e-01   2.1105411e+00
  -3.0012363e-01   1.9648893e+00
  -2.9243920e-01   1.7928173e+00
  -2.9331021e-01   1.6037010e+00
  -3.1185978e-01   1.4135421e+00
  -2.9483870e-01   1.2067780e+00
  -3.0241841e-01   1.0163238e+00
  -2.9182827e-01   8.2034654e-01
  -3.0356388e-01   6.4671260e-01
  -3.1228433e-01   4.6042795e-01
  -2.9958844e-01   3.0350800e-01
  -3.0929997e-01   1.4108507e-01
  -2.9667554e-01   7.7641265e-03
  -3.0251135e-01  -1.3436554e-01
  -3.1088279e-01  -2.5627195e-01
  -3.1096575e-01  -3.6546795e-01
  -3.0709981e-01  -4.7487925e-01
  -3.0836579e-01  -5.7185059e-01
  -2.9695104e-01  -6.6264949e-01
  -2.9311839e-01  -7.3257351e-01
  -3.0575582e-01  -8.1094262e-01
  -2.9349871e-01  -8.7191720e-01
  -3.0488305e-01  -9.3167841e-01
  -2.9867014e-01  -9.8536872e-01
  -2.9525619e-01  -1.0325871e+00
  -2.9982378e-01  -1.0875349e+00
  -3.0844528e-01  -1.1215091e+00
  -2.9591656e-01  -1.1551003e+00
  -2.9957535e-01  -1.1811708e+00
  -2.9305932e-01  -1.2112577e+00
  -3.0917348e-01  -1.2390318e+00
  -3.1166751e-01  -1.2602568e+00
  -3.0486330e-01  -1.2884920e+00
  -3.0426482e-01  -1.3020042e+00
  -3.0338865e-01  -1.3174199e+00
  -3.0106799e-01  -1.3262746e+00
  -3.0797938e-01  -1.3475605e+00
  -3.0232153e-01  -1.3593872e+00
  -3.0732737e-01  -1.3697885e+00
  -2.9810104e-01  -1.3711495e+00
  -3.0548317e-01  -1.3755057e+00
  -2.9553844e-01  -1.3865154e+00
  -3.1459787e-01  -1.3907444e+00
  -3.0027861e-01  -1.4013286e+00
  -3.1470253e-01  -1.4101713e+00
  -3.0232132e-01  -1.4038957e+00
  -3.1206085e-01  -1.4158204e+00
  -2.9247371e-01  -1.4162449e+00
  -3.0083370e-01  -1.4134430e+00
  -3.0802783e-01  -1.4291389e+00
  -3.1019271e-01  -1.4178700e+00
  -2.9783488e-01  -1.4255568e+00
  -3.0458545e-01  -1.4226294e+00
  -2.9669832e-01  -1.4274050e+00
  -2.9300395e-01  -1.4265262e+00
  -3.0240543e-01  -1.4361683e+00
  -3.1336141e-01  -1.4349248e+00
  -3.1257321e-01  -1.4382550e+00
  -3.1489727e-01  -1.4302723e+00
  -3.0870919e-01  -1.4394522e+00
  -3.0020512e-01  -1.4364781e+00
  -2.9662170e-01  -1.4330261e+00
  -3.0328864e-01  -1.4363094e+00
  -2.9700793e-01  -1.4371725e+00
  -3.0540162e-01  -1.4344351e+00
  -3.0657638e-01  -1.4437367e+00
   9.2279145e-01  -1.4359547e+00
   9.3496736e-01  -1.4396591e+00
   9.2119117e-01  -1.2885285e+00
   9.2140678e-01  -1.0207676e+00
   9.3335198e-01  -6.7322387e-01
   9.2699127e-01  -2.7436911e-01
   9.2997241e-01   1.5161214e-01
   9.2397414e-01   5.9307528e-01
   9.3267384e-01   1.0517095e+00
   9.2458278e-01   1.4968195e+00
   9.3517197e-01   1.9407890e+00
   9.3496071e-01   2.3535418e+00
   9.3660910e-01   2.7562453e+00
   9.4013299e-01   3.1338120e+00
   9.4204295e-01   3.4954133e+00
   9.2268542e-01   3.8247892e+00
   9.3253732e-01   4.1302351e+00
   9.2083960e-01   4.4088203e+00
   9.2202221e-01   4.6796618e+00
   9.1904030e-01   4.9183430e+00
   9.3519068e-01   5.1401634e+00
   9.3169731e-01   5.3275020e+00
   9.4227394e-01   5.5172580e+00
   9.2313665e-01   5.6883710e+00
   9.2070036e-01   5.8296936e+00
   9.3493124e-01   5.9691485e+00
   9.3752264e-01   6.0939180e+00
   9.3631197e-01   6.1951233e+00
   9.2289612e-01   6.3044086e+00
   9.3059385e-01   6.3928376e+00
   9.2435293e-01   6.4774414e+00
   9.2142564e-01   6.5407060e+00
   9.3071906e-01   6.6024467e+00
   9.1981406e-01   6.6702717e+00
   9.3365240e-01   6.7178314e+00
   9.1984208e-01   6.7681189e+00
   9.2577050e-01   6.8005340e+00
   9.3901726e-01   6.8411150e+00
   9.3421857e-01   6.8761957e+00
   9.3221042e-01   6.9073760e+00
   9.2853363e-01   6.9270763e+00
   9.2872143e-01   6.9450032e+00
   9.2151234e-01   6.9709607e+00
   9.4252634e-01   6.9936517e+00
   9.2943645e-01   7.0118708e+00
   9.2869385e-01   7.0198301e+00
   9.3941479e-01   7.0342120e+00
   9.1969139e-01   7.0507253e+00
   9.2793288e-01   7.0571063e+00
   9.3263027e-01   7.0698307e+00
   9.2161574e-01   7.0643529e+00
   9.3443474e-01   7.0784256e+00
   9.2184937e-01   7.0793375e+00
   9.3620601e-01   7.0938938e+00
   9.3149358e-01   7.0918748e+00
   9.2938657e-01   7.0973514e+00
   9.3948665e-01   7.1081802e+00
   9.2610073e-01   7.1089334e+00
   9.3953139e-01   7.1028858e+00
   9.2604212e-01   7.1144894e+00
   9.2101257e-01   7.1185872e+00
   9.3747716e-01   7.1189355e+00
   9.4248221e-01   7.1145770e+00
   9.2736868e-01   7.1216393e+00
   9.2446672e-01   7.1147072e+00
   9.4089511e-01   7.1220483e+00
   9.2474009e-01   7.1262863e+00
   9.3946686e-01   7.1208615e+00
   9.2437050e-01   7.1293279e+00
  -8.2024825e-02   7.1226412e+00
  -8.2804366e-02   7.1206794e+00
  -8.8079563e-02   6.9847453e+00
  -6.7965975e-02   6.7575578e+00
  -8.0617570e-02   6.4446881e+00
  -8.0781123e-02   6.0887908e+00
  -8.9837688e-02   5.7160091e+00
  -8.1917324e-02   5.3166955e+00
  -8.5323921e-02   4.9138874e+00
  -7.2672004e-02   4.5168915e+00
  -7.9576189e-02   4.1278007e+00
  -8.0436200e-02   3.7427045e+00
  -7.3213661e-02   3.3878537e+00
  -8.3008511e-02   3.0554762e+00
  -8.3801975e-02   2.7338669e+00
  -8.5843630e-02   2.4463702e+00
  -8.2212381e-02   2.1706688e+00
  -7.3014411e-02   1.9232347e+00
  -8.6408502e-02   1.6901680e+00
  -8.1775402e-02   1.4701899e+00
  -7.0686600e-02   1.2733455e+00
  -8.5003938e-02   1.0903714e+00
  -8.9091569e-02   9.3308362e-01
  -6.9825185e-02   7.8484354e-01
  -7.6526169e-02   6.5628158e-01
  -8.9966126e-02   5.2770308e-01
  -7.9320858e-02   4.2215612e-01
  -7.7200735e-02   3.2088775e-01
  -7.1299396e-02   2.3448197e-01
  -8.7872692e-02   1.5950735e-01
  -6.7830163e-02   8.1943532e-02
  -7.1825314e-02   2.0035367e-02
  -8.3037792e-02  -3.1209487e-02
  -7.8630422e-02  -8.1400529e-02
  -6.8737422e-02  -1.2885816e-01
  -7.7394976e-02  -1.7264684e-01
  -7.7586121e-02  -2.1544013e-01
  -6.8362617e-02  -2.4152548e-01
  -7.5463394e-02  -2.7454782e-01
  -8.4150760e-02  -3.0091540e-01
  -7.6778261e-02  -3.2042564e-01
  -8.7626721e-02  -3.3729808e-01
  -8.7963744e-02  -3.5881793e-01
  -7.5461246e-02  -3.7464015e-01
  -7.3833955e-02  -3.9608120e-01
  -8.2797043e-02  -4.0181377e-01
  -7.3029723e-02  -4.2011132e-01
  -6.9631677e-02  -4.2119956e-01
  -8.6761437e-02  -4.4022849e-01
  -7.5778298e-02  -4.3675827e-01
  -9.1342388e-02  -4.4317276e-01
  -7.3862686e-02  -4.6162080e-01
  -8.1903463e-02  -4.6244893e-01
  -8.6277784e-02  -4.5842433e-01
  -7.1994948e-02  -4.7296641e-01
  -9.0185446e-02  -4.6840163e-01
  -6.9847414e-02  -4.7753925e-01
  -2.4160639e-01  -4.7252592e-01
