   7.8380471e-01   5.6144019e+00
  -1.2828430e-01  -8.0738146e-01
  -5.1871286e-01  -9.8232549e-01
   6.9491248e-01   4.9339437e+00
   5.2314023e-01   3.6953352e+00
  -8.9787537e-02  -5.6070809e-01
   4.7998835e-01   3.3992375e+00
  -5.1048518e-01  -1.0234824e+00
   1.7803861e-01   1.2776211e+00
   9.3852595e-01   7.2290803e+00
   9.1319245e-01   6.9105526e+00
  -8.2414257e-01   4.0182488e+00
   9.0966354e-02   6.7748588e-01
  -2.5447949e-01  -1.3542425e+00
   4.3904726e-01   2.9981647e+00
   4.3841203e-02   2.4187953e-01
   4.0789663e-01   2.9328837e+00
   2.4258858e-01   1.5858308e+00
   4.5427886e-01   3.1097178e+00
  -5.2508915e-01  -8.7268203e-01
   4.3356155e-01   2.9351184e+00
  -6.8845870e-01   8.8844670e-01
  -6.4136154e-02  -4.2691472e-01
  -5.8099073e-01  -5.6886376e-01
   7.7073107e-01   5.5997678e+00
  -9.0245041e-01   6.6292802e+00
   7.8961080e-01   5.6713818e+00
   7.3537927e-01   5.0888005e+00
  -4.1643551e-01  -1.4231611e+00
  -8.2396821e-01   4.0911689e+00
  -3.7963084e-01  -1.4781342e+00
   2.5139446e-01   1.6764278e+00
  -3.9654702e-01  -1.5800203e+00
  -7.7927215e-01   2.7681805e+00
  -6.6163303e-01   4.0415422e-01
   7.9977353e-01   5.8387957e+00
  -7.2900589e-01   1.7834448e+00
  -6.1466536e-01  -5.8739530e-02
   1.8989438e-01   1.2966884e+00
   7.5509090e-01   5.4344804e+00
  -9.1031181e-01   6.9505062e+00
   1.6444936e-01   1.1479938e+00
   7.6975220e-01   5.3875016e+00
   3.5674910e-01   2.5591596e+00
   2.2265293e-01   1.4557506e+00
  -5.3386146e-01  -8.8187632e-01
  -4.1606562e-02  -2.0562794e-01
  -8.4518667e-01   4.7730936e+00
   7.1315308e-01   5.0818537e+00
  -9.9250558e-01   1.0512457e+01
  -9.5360168e-01   8.5744749e+00
  -9.3008108e-01   7.6700713e+00
  -4.9935125e-01  -1.2392933e+00
  -3.4733201e-01  -1.4536746e+00
  -1.2227755e-01  -8.2490250e-01
   8.3600170e-01   6.0551252e+00
   1.6152555e-01   1.1220587e+00
  -8.4499109e-01   4.5964420e+00
  -8.0910902e-01   3.5542646e+00
   4.7459098e-01   3.2741181e+00
  -4.3890591e-01  -1.3894105e+00
   6.5673660e-01   4.4899229e+00
   1.8639551e-01   1.2232828e+00
  -6.1529329e-01  -1.7579909e-01
  -5.9138948e-01  -4.5796847e-01
   7.4470763e-01   5.2099353e+00
  -8.0068772e-01   3.4077492e+00
   9.7726182e-01   7.6406894e+00
   5.7169383e-01   3.9813674e+00
  -8.7172109e-01   5.5995100e+00
  -7.2831088e-01   1.6686809e+00
   9.7966985e-01   7.6687060e+00
   4.7648210e-01   3.2662022e+00
   5.4277491e-01   3.8248285e+00
   9.3991742e-01   7.1350562e+00
  -1.4151185e-01  -9.0578576e-01
   8.7538596e-01   6.4850975e+00
  -7.0479366e-01   1.2767222e+00
  -6.3492686e-01   6.8148431e-02
  -8.3232676e-01   4.2339536e+00
  -9.2702115e-01   7.5108643e+00
  -7.3455332e-01   1.8987217e+00
   9.6542654e-01   7.5598614e+00
  -7.8689724e-01   2.9566150e+00
  -4.9349177e-01  -1.2633919e+00
  -4.3819254e-02  -3.7530603e-01
  -5.6652543e-01  -6.3135960e-01
  -6.8915476e-01   8.6263952e-01
   2.9996008e-01   2.0618663e+00
   9.4615716e-01   7.2296315e+00
  -9.4636243e-01   8.4157209e+00
   6.5563595e-01   4.5711539e+00
  -2.8359374e-01  -1.3466589e+00
   1.0127412e-01   7.3525206e-01
  -7.9229302e-01   3.2611109e+00
  -1.3654840e-01  -7.4989669e-01
   2.3740972e-01   1.5835668e+00
  -2.4092520e-01  -1.3767324e+00
   2.3085904e-01   1.6733279e+00
   3.0595227e-01   2.1337926e+00
  -7.8191825e-01   2.8857433e+00
   7.8137782e-01   5.6879474e+00
   4.5506360e-01   3.1161601e+00
  -1.9887449e-01  -1.0355692e+00
   7.5938565e-01   5.3102467e+00
  -7.7513948e-01   2.8076331e+00
  -7.6873251e-01   2.5129068e+00
  -1.6980188e-01  -1.0715290e+00
   8.5951930e-01   6.2402499e+00
  -4.0112691e-01  -1.5374696e+00
   3.5331286e-01   2.4520554e+00
  -3.6817984e-02  -3.4771575e-01
   8.6879264e-01   6.3315030e+00
   4.6797221e-01   3.2394644e+00
   6.3301547e-01   4.3172117e+00
  -5.9107383e-01  -3.5823722e-01
  -9.4348577e-01   8.1787032e+00
  -8.5871722e-01   5.1548057e+00
  -8.5869920e-01   5.0451269e+00
   8.9664221e-01   6.7524665e+00
  -2.7975753e-01  -1.3501620e+00
   7.0804198e-01   4.9848048e+00
  -7.1015146e-01   1.3072087e+00
   1.1132864e-01   8.2233741e-01
  -4.2344548e-01  -1.3517145e+00
   8.4570085e-01   6.1340265e+00
   6.7548786e-01   4.6361233e+00
  -2.9754076e-01  -1.4087850e+00
   8.7792459e-02   6.0126008e-01
  -9.7358392e-01   9.5631695e+00
   7.7283018e-01   5.5932065e+00
   2.9981770e-01   2.1235068e+00
   3.5044545e-01   2.4264808e+00
  -8.5579075e-01   5.0698366e+00
   7.7267984e-01   5.5359290e+00
  -9.1035811e-01   6.9807218e+00
  -4.3164286e-01  -1.4480986e+00
  -1.5523506e-01  -9.0878977e-01
  -5.7136277e-01  -5.8599480e-01
  -4.2672016e-01  -1.4549621e+00
   8.5726529e-01   6.2223258e+00
   3.6916860e-01   2.4879829e+00
  -4.4879877e-02  -2.2018347e-01
   3.7688163e-01   2.5237442e+00
  -1.4713964e-01  -8.1576175e-01
  -4.8872863e-01  -1.1341831e+00
  -6.1385336e-01  -2.5226270e-01
  -9.0478788e-02  -6.6898739e-01
  -3.6219259e-01  -1.4645040e+00
   2.0839269e-02   2.1516797e-01
   1.8730900e-01   1.3425534e+00
   4.1993721e-01   2.8262226e+00
   5.2969276e-01   3.5906638e+00
   7.2808194e-01   5.0717770e+00
   5.9231161e-01   4.0610554e+00
   9.0149444e-01   6.8201140e+00
   6.3675008e-01   4.4717266e+00
   6.9968968e-01   5.0022445e+00
   7.5930821e-01   5.3773554e+00
  -6.2173090e-01  -1.4603663e-01
   2.9882679e-02   2.0057626e-01
   4.8835420e-01   3.3340289e+00
   1.4740951e-02   1.5619075e-01
   7.2551512e-01   5.0837641e+00
   6.4256388e-01   4.4969905e+00
  -5.3861651e-01  -9.1518615e-01
   9.6288440e-01   7.6205636e+00
  -4.8170029e-01  -1.2019544e+00
   5.0677986e-01   3.5137047e+00
  -1.0092574e-01  -5.9299919e-01
   3.3570245e-01   2.4436373e+00
  -6.9507761e-02  -5.2366371e-01
  -8.2526587e-01   4.0882933e+00
  -2.9446024e-03   6.3127661e-03
   5.0932813e-02   4.1066344e-01
  -3.5811185e-01  -1.4239418e+00
   7.6588345e-01   5.4223656e+00
   9.8131333e-01   7.8025011e+00
   5.7654062e-01   4.0181001e+00
   4.3444576e-01   3.0742657e+00
  -4.3003124e-01  -1.4465006e+00
  -6.2401991e-01  -3.9657133e-02
  -7.9299972e-01   3.1468663e+00
  -4.4722766e-01  -1.3239041e+00
  -2.0183129e-02  -2.3972104e-01
   6.2913574e-01   4.4177618e+00
  -6.3697414e-01   1.2045185e-01
   1.6752942e-01   1.2217809e+00
   4.7882608e-01   3.2601974e+00
   2.4258259e-01   1.7103045e+00
  -1.7242885e-01  -9.0738482e-01
  -9.9269580e-01   1.0343179e+01
   2.3088936e-01   1.7086847e+00
  -2.1609111e-01  -1.2371697e+00
  -3.5666920e-01  -1.3923162e+00
   7.1074559e-01   4.9586955e+00
   9.5517665e-01   7.3808180e+00
   9.7118805e-01   7.6176564e+00
   2.5119149e-01   1.7552781e+00
   8.8556281e-01   6.6221408e+00
