   2.3751289e-03  -3.7822646e-03
   6.8608613e-03   6.0791451e-03
  -3.1287696e-03   6.9966307e-03
  -6.7651625e-03  -1.1100389e-03
  -5.6538192e-03   2.8480180e-03
  -9.1146452e-03   6.2394460e-03
   7.6776351e-03  -4.5132436e-03
   1.0359293e-02  -5.4860961e-03
  -5.3066704e-03   2.0094468e-03
  -1.5717463e-04   5.4095793e-03
   4.8115411e-01   1.6856532e-03
   4.9109732e-01  -3.5896430e-04
   4.9808395e-01   6.4486406e-02
   4.8592391e-01   1.6456583e-01
   4.9637958e-01   3.0423756e-01
   4.9752966e-01   4.6538602e-01
   4.8126354e-01   6.2655456e-01
   4.9010942e-01   8.1262789e-01
   4.8853675e-01   9.8483059e-01
   4.9800712e-01   1.1668660e+00
   4.9881896e-01   1.3397535e+00
   4.9512087e-01   1.5078013e+00
   4.8477099e-01   1.6672825e+00
   4.9216750e-01   1.8146337e+00
   4.8373800e-01   1.9616153e+00
   4.9399538e-01   2.0842632e+00
   4.9213079e-01   2.2085476e+00
   4.9362136e-01   2.3195815e+00
   4.9456246e-01   2.4296669e+00
   4.7899279e-01   2.5166927e+00
   4.8953666e-01   2.6116377e+00
   4.8888909e-01   2.6924065e+00
   4.9072912e-01   2.7665540e+00
   4.8462563e-01   2.8294715e+00
   4.8659140e-01   2.8811711e+00
   4.8924599e-01   2.9433784e+00
   4.9154766e-01   2.9917994e+00
   4.8141342e-01   3.0342068e+00
   4.7876429e-01   3.0708956e+00
   4.9572756e-01   3.1108945e+00
   4.8563388e-01   3.1418612e+00
   4.9833453e-01   3.1629052e+00
   4.9478677e-01   3.1930188e+00
   5.0195388e-01   3.2152936e+00
   4.9335246e-01   3.2402234e+00
   4.8125107e-01   3.2537240e+00
   4.8575199e-01   3.2690934e+00
   4.8668242e-01   3.2899741e+00
   4.8722172e-01   3.3031492e+00
   4.9997471e-01   3.3091279e+00
   4.9665641e-01   3.3253803e+00
   5.0188242e-01   3.3366574e+00
   4.9876726e-01   3.3406496e+00
   5.0057274e-01   3.3454230e+00
   4.8152882e-01   3.3455237e+00
   4.9247213e-01   3.3566198e+00
   4.9018200e-01   3.3679488e+00
   4.9517320e-01   3.3619096e+00
   4.8774556e-01   3.3650171e+00
   4.8534070e-01   3.3805512e+00
   4.9314841e-01   3.3719170e+00
   4.8006735e-01   3.3754019e+00
   4.8346669e-01   3.3834796e+00
   4.7910249e-01   3.3913902e+00
   5.0006653e-01   3.3904448e+00
   4.9752469e-01   3.3940185e+00
   5.0021258e-01   3.3908271e+00
   5.0182630e-01   3.3903041e+00
   4.7998558e-01   3.3964565e+00
   4.8240221e-01   3.3990500e+00
   4.8300469e-01   3.3923057e+00
   4.8747054e-01   3.4012446e+00
   4.9224176e-01   3.3946256e+00
   4.8521821e-01   3.3903626e+00
   4.9688510e-01   3.4008863e+00
   4.9559824e-01   3.4030417e+00
   4.9878230e-01   3.3969692e+00
   4.8834257e-01   3.3966989e+00
   4.9851781e-01   3.3990964e+00
   5.2323682e-01   3.4051498e+00
   5.3366773e-01   3.4012595e+00
   5.2693334e-01   3.4099841e+00
   5.2034391e-01   3.4148808e+00
   5.2353876e-01   3.4249224e+00
   5.1981347e-01   3.4357624e+00
   5.3010135e-01   3.4416986e+00
   5.2228239e-01   3.4593540e+00
   5.3413347e-01   3.4742802e+00
   5.2463047e-01   3.4854391e+00
   5.2243166e-01   3.4974299e+00
   5.3167594e-01   3.5135069e+00
   5.2806629e-01   3.5283086e+00
   5.3270235e-01   3.5392679e+00
   5.3304172e-01   3.5522521e+00
   5.2250966e-01   3.5532518e+00
   5.2503449e-01   3.5615316e+00
   5.1561538e-01   3.5761427e+00
   5.2285104e-01   3.5771935e+00
   5.2382627e-01   3.5862132e+00
   5.3057153e-01   3.5945905e+00
   5.3822795e-01   3.5963625e+00
   5.3719287e-01   3.6015993e+00
   5.3722222e-01   3.6183011e+00
   5.1796780e-01   3.6178251e+00
   5.3074837e-01   3.6262414e+00
   5.1679726e-01   3.6237673e+00
   5.1910023e-01   3.6262494e+00
   5.3210678e-01   3.6316731e+00
   5.3253508e-01   3.6269789e+00
   5.3020640e-01   3.6347841e+00
   5.2605683e-01   3.6406691e+00
   5.2948528e-01   3.6335854e+00
   5.2701518e-01   3.6352821e+00
   5.3376788e-01   3.6388554e+00
   5.3405149e-01   3.6453822e+00
   5.3446170e-01   3.6521821e+00
   5.1886410e-01   3.6403002e+00
   5.2796448e-01   3.6475115e+00
   5.2005501e-01   3.6455934e+00
   5.3024190e-01   3.6475579e+00
   5.3613442e-01   3.6551850e+00
   5.3816981e-01   3.6491443e+00
   5.3139731e-01   3.6575223e+00
   5.3076066e-01   3.6543911e+00
   5.2692528e-01   3.6535224e+00
   5.3739576e-01   3.6499131e+00
   5.2534731e-01   3.6497197e+00
   5.3217180e-01   3.6601620e+00
   5.3284851e-01   3.6608089e+00
   5.3729414e-01   3.6536151e+00
   5.2599638e-01   3.6485895e+00
   5.3199755e-01   3.6580680e+00
   5.2638166e-01   3.6586590e+00
   5.2729093e-01   3.6490239e+00
   5.2905204e-01   3.6514867e+00
   5.2332308e-01   3.6534172e+00
   5.3377816e-01   3.6611924e+00
   5.3584743e-01   3.6581348e+00
   5.1921631e-01   3.6507065e+00
   5.2686925e-01   3.6497818e+00
   5.2254483e-01   3.6605880e+00
   5.2716801e-01   3.6486723e+00
   5.3065309e-01   3.6516609e+00
   5.1713678e-01   3.6569429e+00
   5.2823066e-01   3.6625499e+00
   5.2620127e-01   3.6582966e+00
   5.2073898e-01   3.6562498e+00
   5.2138519e-01   3.6519784e+00
   6.6413766e-01   3.6616804e+00
   6.6327535e-01   3.6508002e+00
   6.4509198e-01   3.6768839e+00
   6.5746726e-01   3.6958426e+00
   6.5121418e-01   3.7416601e+00
   6.4917350e-01   3.7721083e+00
   6.4940227e-01   3.8237956e+00
   6.6225095e-01   3.8749666e+00
   6.4375628e-01   3.9169592e+00
   6.5322438e-01   3.9649022e+00
   6.6237943e-01   4.0162299e+00
   6.5298115e-01   4.0554775e+00
   6.5938104e-01   4.0978097e+00
   6.6571022e-01   4.1425668e+00
   6.6451081e-01   4.1701967e+00
   6.4302107e-01   4.2116909e+00
   6.4675166e-01   4.2496024e+00
   6.4902076e-01   4.2778417e+00
   6.6627032e-01   4.3033792e+00
   6.4354111e-01   4.3303299e+00
   6.4677319e-01   4.3539013e+00
   6.4319791e-01   4.3709617e+00
   6.4487277e-01   4.3956594e+00
   6.4359711e-01   4.4150731e+00
   6.5763070e-01   4.4192530e+00
   6.5056521e-01   4.4325868e+00
   6.5115782e-01   4.4522649e+00
   6.5724218e-01   4.4657114e+00
   6.4665079e-01   4.4686779e+00
   6.4938143e-01   4.4810451e+00
   6.6185249e-01   4.4878173e+00
   6.6070754e-01   4.4973958e+00
   6.4470477e-01   4.5098479e+00
   6.5954778e-01   4.5154817e+00
   6.4758642e-01   4.5211392e+00
   6.6039552e-01   4.5165537e+00
   6.4900155e-01   4.5262083e+00
   6.4311692e-01   4.5322454e+00
   6.5147907e-01   4.5411747e+00
   6.4509191e-01   4.5342705e+00
   6.6315730e-01   4.5444796e+00
   6.6194704e-01   4.5381748e+00
   6.5337757e-01   4.5460873e+00
   6.5027454e-01   4.5531341e+00
   6.4510945e-01   4.5431425e+00
   6.6593169e-01   4.5446031e+00
   6.5957703e-01   4.5506480e+00
   6.4999252e-01   4.5461930e+00
   6.5353683e-01   4.5597795e+00
   6.5754286e-01   4.5507125e+00
   6.5787311e-01   4.5502868e+00
   6.6598709e-01   4.5545942e+00
   6.5401141e-01   4.5584909e+00
   6.6288398e-01   4.5643599e+00
   6.6628573e-01   4.5533442e+00
   6.5681939e-01   4.5594874e+00
   6.5510267e-01   4.5662086e+00
   6.6618818e-01   4.5621626e+00
   6.5104206e-01   4.5617767e+00
   6.5688483e-01   4.5605465e+00
   6.4790572e-01   4.5610720e+00
   6.5011087e-01   4.5627638e+00
   6.5893748e-01   4.5553308e+00
   6.4862422e-01   4.5587442e+00
   6.5303263e-01   4.5589543e+00
   6.4449665e-01   4.5566191e+00
   6.5055167e-01   4.5650425e+00
   6.6574393e-01   4.5668170e+00
   6.4780598e-01   4.5564778e+00
   9.7474016e-01   4.5550461e+00
   9.7786471e-01   4.5569589e+00
   9.6819104e-01   4.6218978e+00
   9.5615610e-01   4.7116060e+00
   9.6863562e-01   4.8271430e+00
   9.6761559e-01   4.9653404e+00
   9.5937149e-01   5.1255834e+00
   9.5805903e-01   5.2775540e+00
   9.5601575e-01   5.4414548e+00
   9.6213958e-01   5.6036315e+00
   9.5833928e-01   5.7607989e+00
   9.7065464e-01   5.9041184e+00
   9.7721161e-01   6.0418088e+00
   9.7590604e-01   6.1810261e+00
   9.6173909e-01   6.3069514e+00
   9.5775186e-01   6.4227224e+00
   9.6667000e-01   6.5222149e+00
   9.6882917e-01   6.6298185e+00
   9.7814015e-01   6.7244869e+00
   9.6711958e-01   6.8006354e+00
   9.5720950e-01   6.8902463e+00
   9.7161281e-01   6.9489718e+00
   9.6101128e-01   7.0219557e+00
   9.6473371e-01   7.0760027e+00
   9.5852142e-01   7.1343696e+00
   9.7395883e-01   7.1785679e+00
   9.7404843e-01   7.2165440e+00
   9.6382154e-01   7.2609377e+00
   9.6162368e-01   7.2894846e+00
   9.6261929e-01   7.3282201e+00
   9.7406147e-01   7.3518691e+00
   9.5656880e-01   7.3748497e+00
   9.7228672e-01   7.4087873e+00
   9.7344100e-01   7.4254724e+00
   9.7870505e-01   7.4469361e+00
   9.6836188e-01   7.4646792e+00
   9.6844987e-01   7.4745401e+00
   9.7413036e-01   7.4799824e+00
   9.6876777e-01   7.5047447e+00
   9.6521835e-01   7.5019691e+00
   9.6659967e-01   7.5140058e+00
   9.6297260e-01   7.5282813e+00
   9.7080542e-01   7.5290953e+00
   9.6764118e-01   7.5340363e+00
   9.7671011e-01   7.5457941e+00
   9.6756570e-01   7.5438389e+00
   9.6161874e-01   7.5483513e+00
   9.7199627e-01   7.5580595e+00
   9.5856776e-01   7.5638531e+00
   9.6088467e-01   7.5628382e+00
   9.6082721e-01   7.5680738e+00
   9.6939189e-01   7.5766160e+00
   9.6490649e-01   7.5719982e+00
   9.6210885e-01   7.5807094e+00
   9.7575347e-01   7.5721421e+00
   9.7034398e-01   7.5718943e+00
   9.7210816e-01   7.5751799e+00
   9.6447684e-01   7.5837706e+00
   9.5894209e-01   7.5797968e+00
   9.5770881e-01   7.5762008e+00
   9.7712829e-01   7.5798441e+00
   9.6244391e-01   7.5901138e+00
   9.5977499e-01   7.5834751e+00
   9.7145251e-01   7.5821111e+00
   9.5658897e-01   7.5911395e+00
   9.6002233e-01   7.5843462e+00
   9.7571309e-01   7.5804489e+00
   9.5844166e-01   7.5862985e+00
   9.5629354e-01   7.5858966e+00
   9.2605873e-01   7.5939109e+00
   9.1576338e-01   7.5930801e+00
   9.2479237e-01   7.5810484e+00
   9.0874461e-01   7.5617020e+00
   9.1884359e-01   7.5277556e+00
   9.1048644e-01   7.5064976e+00
   9.1119789e-01   7.4673750e+00
   9.2381971e-01   7.4340316e+00
   9.2904402e-01   7.4060109e+00
   9.2879589e-01   7.3760017e+00
   9.2875731e-01   7.3433859e+00
   9.1824392e-01   7.3090463e+00
   9.2020413e-01   7.2824888e+00
   9.2334080e-01   7.2626198e+00
   9.0714684e-01   7.2286613e+00
   9.2138435e-01   7.2069700e+00
   9.2621850e-01   7.1810170e+00
   9.1273920e-01   7.1647028e+00
   9.1143281e-01   7.1437886e+00
   9.0937894e-01   7.1353457e+00
   9.2643847e-01   7.1166361e+00
   9.1296033e-01   7.0952435e+00
   9.0946466e-01   7.0857521e+00
   9.1998574e-01   7.0767871e+00
   9.1686502e-01   7.0568557e+00
   9.1924115e-01   7.0523277e+00
   9.0658837e-01   7.0460002e+00
   9.2759716e-01   7.0347987e+00
   9.1363519e-01   7.0292616e+00
   9.1418574e-01   7.0170930e+00
   9.1333414e-01   7.0196371e+00
   9.1055429e-01   7.0127738e+00
   9.1061870e-01   7.0037758e+00
   9.1782113e-01   7.0042403e+00
   9.0810635e-01   6.9986669e+00
   9.0968332e-01   6.9998936e+00
   9.2606776e-01   6.9893427e+00
   9.2365610e-01   6.9826662e+00
   9.1770694e-01   6.9835525e+00
   9.1298598e-01   6.9883115e+00
   9.1031301e-01   6.9785117e+00
   9.2723071e-01   6.9775062e+00
   9.0651559e-01   6.9818733e+00
   9.0642805e-01   6.9833537e+00
   9.1389427e-01   6.9827056e+00
   9.2744553e-01   6.9818736e+00
   9.1710959e-01   6.9698727e+00
   9.1701028e-01   6.9776311e+00
   9.2059004e-01   6.9689175e+00
   9.1077891e-01   6.9730448e+00
   9.0973315e-01   6.9714507e+00
   9.2782479e-01   6.9765298e+00
   9.2767725e-01   6.9741847e+00
   9.2714316e-01   6.9759717e+00
   9.2832602e-01   6.9696047e+00
   9.2637722e-01   6.9721021e+00
   9.1988777e-01   6.9653103e+00
   9.2928452e-01   6.9744568e+00
   9.1610683e-01   6.9685137e+00
   9.1146224e-01   6.9652396e+00
   9.1385850e-01   6.9664797e+00
   9.2608900e-01   6.9706756e+00
   9.1145424e-01   6.9627377e+00
   9.1061728e-01   6.9699327e+00
   9.0986538e-01   6.9632493e+00
   9.1076353e-01   6.9678181e+00
   9.1403064e-01   6.9651766e+00
   9.1275830e-01   6.9734344e+00
   9.0738537e-01   6.9646070e+00
  -7.6478449e-01   6.9691822e+00
  -7.7729141e-01   6.9634730e+00
  -7.6986826e-01   6.8973041e+00
  -7.7073330e-01   6.7665922e+00
  -7.6830187e-01   6.5979806e+00
  -7.8796380e-01   6.3969134e+00
  -7.7370315e-01   6.1946855e+00
  -7.8794252e-01   5.9669096e+00
  -7.7906677e-01   5.7442207e+00
  -7.8225009e-01   5.5302153e+00
  -7.7591559e-01   5.3180412e+00
  -7.8039964e-01   5.1091743e+00
  -7.8486299e-01   4.9140823e+00
  -7.7727839e-01   4.7275901e+00
  -7.6935422e-01   4.5617673e+00
  -7.8767122e-01   4.3964253e+00
  -7.7163442e-01   4.2397101e+00
  -7.7757063e-01   4.1011421e+00
  -7.7027456e-01   3.9746730e+00
  -7.7856070e-01   3.8581172e+00
  -7.7707063e-01   3.7508509e+00
  -7.8078560e-01   3.6542326e+00
  -7.7813185e-01   3.5661662e+00
  -7.7576359e-01   3.4747940e+00
  -7.8032064e-01   3.4009066e+00
  -7.7671896e-01   3.3451962e+00
  -7.7265559e-01   3.2829945e+00
  -7.8318931e-01   3.2246951e+00
  -7.6750366e-01   3.1732088e+00
  -7.7644126e-01   3.1349473e+00
  -7.7071324e-01   3.0978451e+00
  -7.8243457e-01   3.0569471e+00
  -7.7755136e-01   3.0273001e+00
  -7.6519752e-01   2.9974976e+00
  -7.8768463e-01   2.9749495e+00
  -7.8065572e-01   2.9534819e+00
  -7.8772428e-01   2.9391007e+00
  -7.7633004e-01   2.9146738e+00
  -7.6797301e-01   2.9006860e+00
  -7.7543320e-01   2.8896574e+00
  -7.8336230e-01   2.8723824e+00
  -7.7978508e-01   2.8597528e+00
  -7.7286130e-01   2.8485468e+00
  -7.8783463e-01   2.8377429e+00
  -7.6784037e-01   2.8354396e+00
  -7.8505757e-01   2.8284727e+00
  -7.7232943e-01   2.8174919e+00
  -7.7945741e-01   2.8175271e+00
  -7.8713704e-01   2.8121953e+00
  -7.7450903e-01   2.8024150e+00
  -7.8650470e-01   2.8049114e+00
  -7.7635099e-01   2.8028747e+00
  -7.6494293e-01   2.7961805e+00
  -7.8176438e-01   2.7979706e+00
  -7.8046581e-01   2.7947876e+00
  -7.7864717e-01   2.7837467e+00
  -7.7252558e-01   2.7832068e+00
  -7.7963713e-01   2.7893245e+00
  -7.8582255e-01   2.7772840e+00
  -7.7583184e-01   2.7863268e+00
  -7.6501780e-01   2.7742166e+00
  -7.8150817e-01   2.7795585e+00
  -7.8489021e-01   2.7758497e+00
  -7.6915002e-01   2.7736801e+00
  -7.6809378e-01   2.7820018e+00
  -7.7927610e-01   2.7780003e+00
  -7.8403336e-01   2.7734053e+00
  -7.8618611e-01   2.7775919e+00
  -7.7069714e-01   2.7743174e+00
   9.8410664e-01   2.7773526e+00
   9.8539170e-01   2.7724903e+00
   9.8714403e-01   2.8598125e+00
   9.8390404e-01   3.0207257e+00
   9.8713198e-01   3.2181540e+00
   9.8102424e-01   3.4509599e+00
   9.8942717e-01   3.7006275e+00
   9.7204922e-01   3.9557000e+00
   9.7139040e-01   4.2216514e+00
   9.8402496e-01   4.4796292e+00
   9.6861602e-01   4.7360702e+00
   9.7909305e-01   4.9798757e+00
   9.7273366e-01   5.2050298e+00
   9.8594506e-01   5.4211201e+00
   9.6771054e-01   5.6274667e+00
   9.8359936e-01   5.8295881e+00
   9.7383804e-01   5.9965698e+00
   9.6954202e-01   6.1627875e+00
   9.8553656e-01   6.3131539e+00
   9.7171324e-01   6.4565433e+00
   9.8719748e-01   6.5898663e+00
   9.8565763e-01   6.6986040e+00
   9.7561577e-01   6.8024721e+00
   9.7232797e-01   6.8974758e+00
   9.8710733e-01   6.9871894e+00
   9.7579566e-01   7.0703681e+00
   9.7733259e-01   7.1322692e+00
   9.7080746e-01   7.1993054e+00
   9.6791398e-01   7.2671947e+00
   9.7407020e-01   7.3192228e+00
   9.8759592e-01   7.3634520e+00
   9.7915084e-01   7.3976199e+00
   9.8579141e-01   7.4393914e+00
   9.7676327e-01   7.4728994e+00
   9.6802145e-01   7.5055273e+00
   9.7280321e-01   7.5226411e+00
   9.7951218e-01   7.5504510e+00
   9.8634052e-01   7.5720613e+00
   9.7111061e-01   7.5981926e+00
   9.8956259e-01   7.6096563e+00
   9.8714717e-01   7.6232205e+00
   9.7304118e-01   7.6349070e+00
   9.6760629e-01   7.6495455e+00
   9.8582112e-01   7.6547142e+00
   9.8512538e-01   7.6762917e+00
   9.8984396e-01   7.6720918e+00
   9.7374739e-01   7.6812085e+00
   9.7332362e-01   7.6981681e+00
   9.6728021e-01   7.6989121e+00
   9.7814245e-01   7.6990428e+00
   9.8220649e-01   7.7065393e+00
   9.7813593e-01   7.7075193e+00
   9.6743765e-01   7.7201960e+00
   9.6874074e-01   7.7114459e+00
   9.8738222e-01   7.7172894e+00
   9.8571652e-01   7.7175015e+00
   9.8973515e-01   7.7199378e+00
   9.8216468e-01   7.7247634e+00
   9.8957272e-01   7.7281178e+00
   9.7649861e-01   7.7327916e+00
   9.7515610e-01   7.7307824e+00
   9.7694120e-01   7.7342157e+00
   9.8698772e-01   7.7276053e+00
   9.8616657e-01   7.7368530e+00
   9.8028182e-01   7.7376496e+00
   9.8342622e-01   7.7401208e+00
   9.8164253e-01   7.7362025e+00
   9.8675737e-01   7.7410863e+00
   9.6884839e-01   7.7340756e+00
  -5.6087127e-01   7.7392099e+00
  -5.6244659e-01   7.7364953e+00
  -5.5889546e-01   7.5864932e+00
  -5.5359917e-01   7.3290456e+00
  -5.4405554e-01   6.9892263e+00
  -5.5846374e-01   6.5892793e+00
  -5.6364829e-01   6.1592968e+00
  -5.5402552e-01   5.7150663e+00
  -5.5452342e-01   5.2705364e+00
  -5.6360548e-01   4.8265898e+00
  -5.4798120e-01   4.3848304e+00
  -5.6306124e-01   3.9789911e+00
  -5.5854967e-01   3.5817184e+00
  -5.5488294e-01   3.1959026e+00
  -5.4806937e-01   2.8423663e+00
  -5.4557353e-01   2.5111939e+00
  -5.5881787e-01   2.2179740e+00
  -5.5469515e-01   1.9314283e+00
  -5.4831754e-01   1.6717785e+00
  -5.6255898e-01   1.4363530e+00
  -5.5976528e-01   1.2177774e+00
  -5.6280092e-01   1.0143816e+00
  -5.5190969e-01   8.3850637e-01
  -5.4293255e-01   6.7434773e-01
  -5.4907803e-01   5.2149907e-01
  -5.4846183e-01   3.8266436e-01
  -5.5944351e-01   2.6330801e-01
  -5.4456236e-01   1.5330765e-01
  -5.6021168e-01   5.7813973e-02
  -5.4351007e-01  -2.7484293e-02
  -5.5689253e-01  -1.1355279e-01
  -5.4473471e-01  -1.8259651e-01
  -5.6126350e-01  -2.4358602e-01
  -5.6248636e-01  -3.0208107e-01
  -5.5176786e-01  -3.6237083e-01
  -5.6413344e-01  -3.9884082e-01
  -5.5363914e-01  -4.4400517e-01
  -5.4936029e-01  -4.8382945e-01
  -5.4362025e-01  -5.0648153e-01
  -5.5972802e-01  -5.4321831e-01
  -5.5852333e-01  -5.7291335e-01
  -5.5701945e-01  -5.8343966e-01
  -5.4113727e-01  -6.0945879e-01
  -5.5155540e-01  -6.3052134e-01
  -5.4806171e-01  -6.4741076e-01
  -5.4609340e-01  -6.6392296e-01
  -5.6274313e-01  -6.6857473e-01
  -5.6372618e-01  -6.8428188e-01
  -5.4911848e-01  -6.8579040e-01
  -5.5636355e-01  -7.0738443e-01
  -5.4850840e-01  -7.0460654e-01
  -5.4236345e-01  -7.1484465e-01
  -5.4506891e-01  -7.2156649e-01
  -5.6199456e-01  -7.2818354e-01
  -5.5635631e-01  -7.2835642e-01
  -5.5622940e-01  -7.4097329e-01
  -5.4168040e-01  -7.4638764e-01
  -5.4705242e-01  -7.4342702e-01
  -5.4116815e-01  -7.4862862e-01
  -5.6068979e-01  -7.5117967e-01
  -5.5912318e-01  -7.5629748e-01
  -5.4898423e-01  -7.5853442e-01
  -5.6201468e-01  -7.5383562e-01
  -5.4903052e-01  -7.5029724e-01
  -5.6192304e-01  -7.5593524e-01
  -5.5424740e-01  -7.6398646e-01
  -5.4342932e-01  -7.6448567e-01
  -5.4429939e-01  -7.5991880e-01
  -5.4483376e-01  -7.5588161e-01
   7.2322403e-01  -7.6006621e-01
   7.1317970e-01  -7.6252292e-01
   7.2321657e-01  -6.6556673e-01
   7.1424960e-01  -4.7181714e-01
   7.3339714e-01  -2.3923895e-01
   7.1548287e-01   2.2552650e-02
   7.1874792e-01   3.2551815e-01
   7.1591899e-01   6.2824998e-01
   7.2704778e-01   9.4478150e-01
   7.3087931e-01   1.2403082e+00
   7.2766207e-01   1.5421884e+00
   7.3112593e-01   1.8327605e+00
   7.1828437e-01   2.1008215e+00
   7.1225112e-01   2.3620145e+00
   7.2949976e-01   2.6130341e+00
   7.1515002e-01   2.8325242e+00
   7.3223892e-01   3.0446572e+00
   7.2376865e-01   3.2404116e+00
   7.1448107e-01   3.4165124e+00
   7.1496643e-01   3.5804705e+00
   7.3160277e-01   3.7378929e+00
   7.1604824e-01   3.8661990e+00
   7.1659160e-01   3.9979916e+00
   7.2439213e-01   4.1157650e+00
   7.2119663e-01   4.2142781e+00
   7.3269683e-01   4.3113028e+00
   7.3508114e-01   4.3957926e+00
   7.3242108e-01   4.4575646e+00
   7.1461226e-01   4.5318687e+00
   7.1844915e-01   4.5934236e+00
   7.1183659e-01   4.6518038e+00
   7.1482408e-01   4.6950020e+00
   7.1739499e-01   4.7406267e+00
   7.1440224e-01   4.7746341e+00
   7.3389237e-01   4.8177000e+00
   7.2035874e-01   4.8472803e+00
   7.1849716e-01   4.8753203e+00
   7.3547709e-01   4.9005787e+00
   7.3142988e-01   4.9235698e+00
   7.1674888e-01   4.9447748e+00
   7.1367600e-01   4.9568218e+00
   7.1457467e-01   4.9799936e+00
   7.2139994e-01   4.9923596e+00
   7.2993165e-01   5.0100030e+00
   7.1654422e-01   5.0173547e+00
   7.1231058e-01   5.0213144e+00
   7.1831719e-01   5.0268727e+00
   7.1162861e-01   5.0481908e+00
   7.3245294e-01   5.0420124e+00
   7.1968235e-01   5.0520562e+00
   7.1791330e-01   5.0598282e+00
   7.1903618e-01   5.0594585e+00
   7.2494548e-01   5.0741956e+00
   7.2453833e-01   5.0759953e+00
   7.3305018e-01   5.0811053e+00
   7.2079150e-01   5.0766642e+00
   7.2826849e-01   5.0869398e+00
   7.1796176e-01   5.0824567e+00
   7.3096993e-01   5.0845256e+00
   7.3452817e-01   5.0921992e+00
   7.2333054e-01   5.0909305e+00
   7.2535278e-01   5.0965442e+00
   7.1583384e-01   5.0909749e+00
   7.1675365e-01   5.0973354e+00
   7.3478367e-01   5.0935123e+00
   7.3395576e-01   5.0937051e+00
   7.1378240e-01   5.0947573e+00
   7.1933219e-01   5.0968053e+00
   7.3292665e-01   5.0904710e+00
   2.9380915e-01   5.1010605e+00
   2.7668095e-01   5.0927812e+00
   2.8935713e-01   5.0476456e+00
   2.7756899e-01   4.9405165e+00
   2.9379167e-01   4.8269690e+00
   2.9036813e-01   4.6798342e+00
   2.8624958e-01   4.5166025e+00
   2.7486689e-01   4.3572078e+00
   2.9166430e-01   4.1968922e+00
   2.7970542e-01   4.0292774e+00
   2.8943705e-01   3.8739573e+00
   2.8873504e-01   3.7137942e+00
   2.7231055e-01   3.5720591e+00
   2.9287175e-01   3.4310313e+00
   2.7447064e-01   3.3113401e+00
   2.7593506e-01   3.1792588e+00
   2.8956677e-01   3.0683725e+00
   2.8660315e-01   2.9661270e+00
   2.8334159e-01   2.8756799e+00
   2.8609524e-01   2.7836983e+00
   2.7431740e-01   2.7091904e+00
   2.7406862e-01   2.6396743e+00
   2.8891749e-01   2.5613443e+00
   2.9402583e-01   2.5096482e+00
   2.9217669e-01   2.4560288e+00
   2.9312738e-01   2.3972940e+00
   2.9517472e-01   2.3568027e+00
   2.9445161e-01   2.3167648e+00
   2.8950592e-01   2.2837563e+00
   2.9262419e-01   2.2525241e+00
   2.8771437e-01   2.2206303e+00
   2.9373135e-01   2.1922252e+00
   2.8229458e-01   2.1740759e+00
   2.9036897e-01   2.1527251e+00
   2.8182864e-01   2.1296403e+00
   2.7741059e-01   2.1116665e+00
   2.8928656e-01   2.0944952e+00
   2.7296972e-01   2.0890823e+00
   2.7244462e-01   2.0744690e+00
   2.8968211e-01   2.0686991e+00
   2.8960841e-01   2.0509345e+00
   2.9375351e-01   2.0452762e+00
   2.8817483e-01   2.0413786e+00
   2.8338202e-01   2.0347432e+00
   2.8558120e-01   2.0215537e+00
   2.8708030e-01   2.0265378e+00
   2.8958049e-01   2.0093163e+00
   2.9074703e-01   2.0115845e+00
   2.8125733e-01   2.0082187e+00
   2.7436411e-01   2.0010505e+00
   2.8381664e-01   1.9966903e+00
   2.8197970e-01   2.0010922e+00
   2.7785342e-01   1.9975880e+00
   2.7437624e-01   1.9965478e+00
   2.9151695e-01   1.9945861e+00
   2.8813803e-01   1.9872059e+00
   2.8598331e-01   1.9942995e+00
   2.7417693e-01   1.9871659e+00
   2.9112999e-01   1.9830777e+00
   2.7251561e-01   1.9920580e+00
   2.8071430e-01   1.9876878e+00
   2.8408932e-01   1.9842769e+00
   2.7414283e-01   1.9874752e+00
   2.7514683e-01   1.9809492e+00
   2.8472867e-01   1.9870617e+00
   2.9338520e-01   1.9824573e+00
   2.7200616e-01   1.9842840e+00
   2.8479400e-01   1.9778238e+00
   2.8659602e-01   1.9797453e+00
   2.6034943e-01   1.9878572e+00
   2.7047348e-01   1.9829283e+00
   2.6572026e-01   1.9765884e+00
   2.5589023e-01   1.9738424e+00
   2.7454826e-01   1.9714689e+00
   2.7311811e-01   1.9641602e+00
   2.7290868e-01   1.9537233e+00
   2.5797330e-01   1.9478972e+00
   2.6187188e-01   1.9416368e+00
   2.6320155e-01   1.9309258e+00
   2.6649770e-01   1.9339992e+00
   2.6146146e-01   1.9275901e+00
   2.7568152e-01   1.9169201e+00
   2.5875791e-01   1.9102161e+00
   2.6160888e-01   1.9036943e+00
   2.6610170e-01   1.8954022e+00
   2.6408719e-01   1.8921069e+00
   2.5970876e-01   1.8849979e+00
   2.7376320e-01   1.8812581e+00
   2.5375229e-01   1.8859494e+00
   2.5361034e-01   1.8722558e+00
   2.5721935e-01   1.8676929e+00
   2.5549013e-01   1.8778751e+00
   2.7435933e-01   1.8632175e+00
   2.5846555e-01   1.8643148e+00
   2.6553096e-01   1.8607768e+00
   2.6994679e-01   1.8624058e+00
   2.6490137e-01   1.8560641e+00
   2.7559517e-01   1.8595717e+00
   2.6452258e-01   1.8546782e+00
   2.7359617e-01   1.8594945e+00
   2.7614477e-01   1.8554319e+00
   2.6406019e-01   1.8571232e+00
   2.6778994e-01   1.8530326e+00
   2.6098842e-01   1.8550125e+00
   2.7025501e-01   1.8472997e+00
   2.6155079e-01   1.8557105e+00
   2.7156700e-01   1.8564649e+00
   2.5551326e-01   1.8521885e+00
   2.7529240e-01   1.8541274e+00
   2.7521921e-01   1.8504820e+00
   2.5829960e-01   1.8535380e+00
   2.6438938e-01   1.8528304e+00
   2.7142999e-01   1.8473217e+00
   2.5367493e-01   1.8425883e+00
   2.6745562e-01   1.8450596e+00
   2.6233435e-01   1.8516623e+00
   2.6149996e-01   1.8420352e+00
   2.6582159e-01   1.8517660e+00
   2.7093378e-01   1.8458769e+00
   2.5442185e-01   1.8483769e+00
   2.6060131e-01   1.8523374e+00
   2.6473172e-01   1.8417354e+00
   2.6196703e-01   1.8400932e+00
   2.7462413e-01   1.8431243e+00
   2.7555406e-01   1.8459795e+00
   2.5973006e-01   1.8449174e+00
   2.5409645e-01   1.8418794e+00
   2.7638572e-01   1.8519002e+00
   2.5800663e-01   1.8485912e+00
   2.6356249e-01   1.8461585e+00
   2.7278115e-01   1.8414407e+00
   2.5763915e-01   1.8520204e+00
   2.7213727e-01   1.8451633e+00
   2.6658077e-01   1.8440983e+00
   2.7613772e-01   1.8448575e+00
   2.7579721e-01   1.8428864e+00
   2.7173085e-01   1.8387775e+00
   2.5762743e-01   1.8388558e+00
  -1.8646234e-01   1.8407888e+00
  -1.8580575e-01   1.8467137e+00
  -1.9254188e-01   1.7952954e+00
  -1.9251244e-01   1.6970151e+00
  -1.9120805e-01   1.5869741e+00
  -1.7821232e-01   1.4463561e+00
  -1.7513169e-01   1.3022860e+00
  -1.8862918e-01   1.1542196e+00
  -1.9294139e-01   1.0020261e+00
  -1.7604421e-01   8.4362181e-01
  -1.9105848e-01   6.9352859e-01
  -1.9019606e-01   5.5542123e-01
  -1.7962446e-01   4.1386153e-01
  -1.7784280e-01   2.9324824e-01
  -1.9617718e-01   1.7184431e-01
  -1.8019591e-01   5.1819413e-02
  -1.9186960e-01  -4.3208757e-02
  -1.8820956e-01  -1.5045289e-01
  -1.7700286e-01  -2.2837225e-01
  -1.9202161e-01  -3.1686187e-01
  -1.9016922e-01  -3.8752665e-01
  -1.7960617e-01  -4.5572212e-01
  -1.8790039e-01  -5.2363458e-01
  -1.7685133e-01  -5.7823023e-01
  -1.9518084e-01  -6.2481715e-01
  -1.8877180e-01  -6.7421407e-01
  -1.8886925e-01  -7.1631353e-01
  -1.8729702e-01  -7.5689272e-01
  -1.9797399e-01  -7.8485208e-01
  -1.7721210e-01  -8.1423416e-01
  -1.7670001e-01  -8.4770725e-01
  -1.7606518e-01  -8.6425214e-01
  -1.8652526e-01  -8.8762813e-01
  -1.8013174e-01  -9.1255909e-01
  -1.8356735e-01  -9.2074320e-01
  -1.9894827e-01  -9.4825924e-01
  -1.8506488e-01  -9.6098694e-01
  -1.9612863e-01  -9.6282649e-01
  -1.9457204e-01  -9.7468450e-01
  -1.8681011e-01  -9.9158585e-01
  -1.7629248e-01  -9.9263058e-01
  -1.7524545e-01  -1.0044434e+00
  -1.7840037e-01  -1.0128101e+00
  -1.9121719e-01  -1.0252856e+00
  -1.9109372e-01  -1.0203237e+00
  -1.8898431e-01  -1.0258221e+00
  -1.8466178e-01  -1.0381374e+00
  -1.8710700e-01  -1.0384051e+00
  -1.8167845e-01  -1.0417555e+00
  -1.8734414e-01  -1.0377419e+00
  -1.7915195e-01  -1.0496656e+00
  -1.9543184e-01  -1.0551412e+00
  -1.8535302e-01  -1.0537360e+00
  -1.9493564e-01  -1.0569263e+00
  -1.8423692e-01  -1.0541419e+00
  -1.7822734e-01  -1.0544711e+00
  -1.9825761e-01  -1.0553400e+00
  -1.8252340e-01  -1.0578279e+00
  -1.9025252e-01  -1.0612190e+00
  -1.8897476e-01  -1.0658882e+00
  -1.7650888e-01  -1.0601792e+00
  -1.9277612e-01  -1.0636593e+00
  -1.7533511e-01  -1.0677738e+00
  -1.8947970e-01  -1.0663460e+00
  -1.7947975e-01  -1.0633098e+00
  -1.9452434e-01  -1.0576619e+00
  -1.9815010e-01  -1.0669035e+00
  -1.8278125e-01  -1.0631253e+00
  -1.8750602e-01  -1.0698193e+00
   1.2165510e-01  -1.0594738e+00
   1.2280912e-01  -1.0704844e+00
   1.3343112e-01  -1.0279373e+00
   1.1470225e-01  -9.6735515e-01
   1.2134238e-01  -9.0047428e-01
   1.1786938e-01  -8.0332583e-01
   1.3387223e-01  -7.0567326e-01
   1.2529008e-01  -6.1050368e-01
   1.3495117e-01  -5.1470183e-01
   1.2898482e-01  -4.0637731e-01
   1.1337976e-01  -3.0660603e-01
   1.1862258e-01  -2.2450161e-01
   1.1239126e-01  -1.3016444e-01
   1.3031954e-01  -4.8087682e-02
   1.2103996e-01   3.0923735e-02
   1.2826677e-01   1.1317515e-01
   1.2743199e-01   1.8319373e-01
   1.3394713e-01   2.3735416e-01
   1.2412697e-01   2.9855584e-01
   1.2898060e-01   3.5700646e-01
   1.2244024e-01   4.0774552e-01
   1.2725164e-01   4.5016405e-01
   1.1886574e-01   4.9003975e-01
   1.2319459e-01   5.2953367e-01
   1.1438782e-01   5.5971578e-01
   1.1449563e-01   5.9481346e-01
   1.1943052e-01   6.2041535e-01
   1.1269976e-01   6.3741693e-01
   1.2723827e-01   6.6400265e-01
   1.2221067e-01   6.8689650e-01
   1.1922629e-01   7.0431120e-01
   1.2034772e-01   7.1249343e-01
   1.2671619e-01   7.3570816e-01
   1.1286000e-01   7.4118616e-01
   1.1178409e-01   7.5333182e-01
   1.3159892e-01   7.6989036e-01
   1.2200183e-01   7.7698541e-01
   1.3272312e-01   7.8871954e-01
   1.2332317e-01   7.9088732e-01
   1.1472194e-01   7.9796355e-01
   1.1607314e-01   8.0542912e-01
   1.1171582e-01   8.1004868e-01
   1.2087005e-01   8.1412936e-01
   1.1626471e-01   8.1618155e-01
   1.2979396e-01   8.1589973e-01
   1.3507254e-01   8.3106518e-01
   1.2148853e-01   8.2432043e-01
   1.3209159e-01   8.3205530e-01
   1.2298647e-01   8.3128129e-01
   1.2972155e-01   8.4027314e-01
   1.2266389e-01   8.2896139e-01
   1.2864058e-01   8.4341591e-01
   1.1778478e-01   8.4050862e-01
   1.2346709e-01   8.4219185e-01
   1.3368940e-01   8.4693771e-01
   1.1586940e-01   8.4611891e-01
   1.2288308e-01   8.4624885e-01
   1.2694067e-01   8.3691075e-01
   1.1875501e-01   8.4721931e-01
   1.2008732e-01   8.4613277e-01
   1.1987234e-01   8.5074524e-01
   1.1896092e-01   8.4921566e-01
   1.1894072e-01   8.4214472e-01
   1.2889462e-01   8.4374021e-01
   1.1736111e-01   8.4098575e-01
   1.2673940e-01   8.5003749e-01
   1.2865755e-01   8.4587432e-01
   1.2178632e-01   8.4424861e-01
   1.1790090e-01   8.4756716e-01
   8.7042903e-01   8.4472430e-01
   8.5815670e-01   8.5460272e-01
   8.6967672e-01   9.4756250e-01
   8.6762120e-01   1.1222482e+00
   8.7264239e-01   1.3514271e+00
   8.6636405e-01   1.6107539e+00
   8.8079540e-01   1.8813377e+00
   8.6173574e-01   2.1817653e+00
   8.7357641e-01   2.4785011e+00
   8.6663511e-01   2.7657696e+00
   8.5991968e-01   3.0552659e+00
   8.5844577e-01   3.3208594e+00
   8.5871880e-01   3.5843700e+00
   8.7428190e-01   3.8278880e+00
   8.6171215e-01   4.0663088e+00
   8.7857446e-01   4.2811204e+00
   8.6322667e-01   4.4830541e+00
   8.6863925e-01   4.6707436e+00
   8.6942954e-01   4.8399598e+00
   8.7852189e-01   4.9892494e+00
   8.8011510e-01   5.1304511e+00
   8.5844037e-01   5.2592640e+00
   8.7418066e-01   5.3851137e+00
   8.6716749e-01   5.4952200e+00
   8.6894831e-01   5.5878928e+00
   8.6286980e-01   5.6825856e+00
   8.6127536e-01   5.7563320e+00
   8.6871411e-01   5.8325035e+00
   8.7468493e-01   5.8968872e+00
   8.6044242e-01   5.9508523e+00
   8.7883335e-01   6.0007549e+00
   8.7328491e-01   6.0482218e+00
   8.7765837e-01   6.0935747e+00
   8.7782128e-01   6.1260634e+00
   8.6214358e-01   6.1684167e+00
   8.6216785e-01   6.1904606e+00
   8.8051680e-01   6.2293266e+00
   8.7285850e-01   6.2454555e+00
   8.5803803e-01   6.2752016e+00
   8.5838080e-01   6.2870334e+00
   8.5863825e-01   6.3028116e+00
   8.7333789e-01   6.3210089e+00
   8.6864679e-01   6.3345950e+00
   8.7415041e-01   6.3420486e+00
   8.6172530e-01   6.3506293e+00
   8.7984297e-01   6.3618552e+00
   8.6475891e-01   6.3765663e+00
   8.6638136e-01   6.3860027e+00
   8.7687555e-01   6.3933500e+00
   8.6077000e-01   6.3900946e+00
   8.5790684e-01   6.3952492e+00
   8.6579137e-01   6.4062102e+00
   8.6145085e-01   6.4016931e+00
   8.7813710e-01   6.4059635e+00
   8.6492428e-01   6.4098374e+00
   8.7659964e-01   6.4192600e+00
   8.6853959e-01   6.4227280e+00
   8.7859502e-01   6.4266296e+00
   8.7672009e-01   6.4226755e+00
   8.7894624e-01   6.4294967e+00
   8.6494761e-01   6.4319019e+00
   8.7226876e-01   6.4322136e+00
   8.7080143e-01   6.4210159e+00
   8.7886464e-01   6.4315194e+00
   8.6610979e-01   6.4265833e+00
   8.7320552e-01   6.4296960e+00
   8.6803684e-01   6.4329142e+00
   8.6900075e-01   6.4380612e+00
   8.7417087e-01   6.4269634e+00
   4.2910914e-01   6.4296496e+00
   4.3545380e-01   6.4388997e+00
   4.3782620e-01   6.3682543e+00
   4.5070992e-01   6.2689667e+00
   4.3368269e-01   6.1276462e+00
   4.3033255e-01   5.9775674e+00
   4.4561482e-01   5.8065731e+00
   4.3189466e-01   5.6314669e+00
   4.3236896e-01   5.4507472e+00
   4.3760385e-01   5.2758869e+00
   4.2863810e-01   5.0977807e+00
   4.4858389e-01   4.9353944e+00
   4.3593630e-01   4.7861931e+00
   4.4782528e-01   4.6365722e+00
   4.3957732e-01   4.4938413e+00
   4.4920011e-01   4.3621780e+00
   4.4171452e-01   4.2448598e+00
   4.4291123e-01   4.1260714e+00
   4.5112938e-01   4.0186693e+00
   4.5087947e-01   3.9275633e+00
   4.4319440e-01   3.8425082e+00
   4.3241705e-01   3.7585061e+00
   4.2879560e-01   3.6943296e+00
   4.2952379e-01   3.6204877e+00
   4.3036606e-01   3.5616741e+00
   4.3730501e-01   3.5145728e+00
   4.3287110e-01   3.4679348e+00
   4.3554761e-01   3.4183946e+00
   4.3734163e-01   3.3822940e+00
   4.3258376e-01   3.3450877e+00
   4.4389514e-01   3.3236837e+00
   4.3501290e-01   3.2894755e+00
   4.3640495e-01   3.2588343e+00
   4.3915088e-01   3.2380174e+00
   4.3348841e-01   3.2192541e+00
   4.4053935e-01   3.1984660e+00
   4.5162745e-01   3.1836684e+00
   4.4372342e-01   3.1767004e+00
   4.3808704e-01   3.1597044e+00
   4.3845164e-01   3.1421071e+00
   4.3579813e-01   3.1428507e+00
   4.3448805e-01   3.1292619e+00
   4.4624832e-01   3.1203682e+00
   4.4968819e-01   3.1083358e+00
   4.4566107e-01   3.1113137e+00
   4.4372819e-01   3.0954197e+00
   4.3729143e-01   3.0896994e+00
   4.3591492e-01   3.0925018e+00
   4.3180304e-01   3.0871067e+00
   4.3606754e-01   3.0801053e+00
   4.3374783e-01   3.0869843e+00
   4.3519624e-01   3.0726530e+00
   4.4914409e-01   3.0797192e+00
   4.3503689e-01   3.0658808e+00
   4.3990793e-01   3.0640625e+00
   4.3963315e-01   3.0711534e+00
   4.3321763e-01   3.0621507e+00
   4.3182323e-01   3.0624827e+00
   4.3248373e-01   3.0636484e+00
   4.4704974e-01   3.0622784e+00
   4.4923789e-01   3.0685344e+00
   4.4741823e-01   3.0601501e+00
   4.4780643e-01   3.0632011e+00
   4.4576603e-01   3.0543934e+00
   4.4168118e-01   3.0629049e+00
   4.3099872e-01   3.0581209e+00
   4.4152218e-01   3.0625652e+00
   4.4461515e-01   3.0550337e+00
   4.3233360e-01   3.0627676e+00
   3.1604640e-01   3.0622834e+00
   3.1498288e-01   3.0552733e+00
   3.0616172e-01   3.0367155e+00
   3.1986573e-01   3.0090111e+00
   3.1310574e-01   2.9850733e+00
   3.0567075e-01   2.9365866e+00
   3.1210645e-01   2.8947931e+00
   3.2356264e-01   2.8527886e+00
   3.1444277e-01   2.8056175e+00
   3.1680505e-01   2.7511978e+00
   3.0334183e-01   2.7138177e+00
   3.0036511e-01   2.6687317e+00
   3.0262588e-01   2.6293002e+00
   3.1709287e-01   2.5865136e+00
   3.2192921e-01   2.5446753e+00
   3.1443133e-01   2.5133846e+00
   3.1073030e-01   2.4910980e+00
   3.1784408e-01   2.4589439e+00
   3.1400369e-01   2.4314750e+00
   3.1103766e-01   2.3987586e+00
   3.0107987e-01   2.3835184e+00
   3.0406095e-01   2.3632046e+00
   3.0940820e-01   2.3428969e+00
   3.0640779e-01   2.3312789e+00
   3.1946046e-01   2.3101342e+00
   3.0992778e-01   2.2963190e+00
   3.1713737e-01   2.2777033e+00
   3.0818395e-01   2.2703012e+00
   3.0877925e-01   2.2684298e+00
   3.2172355e-01   2.2539894e+00
   3.0308789e-01   2.2440654e+00
   3.0457672e-01   2.2404567e+00
   3.1446745e-01   2.2382694e+00
   3.1958590e-01   2.2321791e+00
   3.0183485e-01   2.2143242e+00
   3.0538639e-01   2.2113158e+00
   3.1587563e-01   2.2054217e+00
   3.1302544e-01   2.2086646e+00
   3.1758815e-01   2.2109604e+00
   3.1917368e-01   2.2054460e+00
   3.2324754e-01   2.1994641e+00
   3.2170745e-01   2.1896048e+00
   3.2290359e-01   2.1924565e+00
   3.0544897e-01   2.1937582e+00
   3.2217137e-01   2.1922728e+00
   3.1141331e-01   2.1884972e+00
   3.1296736e-01   2.1819603e+00
   3.1241241e-01   2.1917318e+00
   3.2218677e-01   2.1918462e+00
   3.0836323e-01   2.1859613e+00
   3.1069090e-01   2.1774123e+00
   3.1283980e-01   2.1816640e+00
   3.1875846e-01   2.1776772e+00
   3.0447967e-01   2.1771920e+00
   3.1654786e-01   2.1829269e+00
   3.1505781e-01   2.1833594e+00
   3.0110986e-01   2.1774117e+00
   3.2089911e-01   2.1752356e+00
   3.0895624e-01   2.1825741e+00
   3.2389938e-01   2.1792425e+00
   3.1522811e-01   2.1790730e+00
   3.0671187e-01   2.1729275e+00
   3.1597855e-01   2.1739109e+00
   3.1431905e-01   2.1833415e+00
   3.1757794e-01   2.1800914e+00
   3.1806985e-01   2.1724632e+00
   3.1490544e-01   2.1839741e+00
   3.0335637e-01   2.1791995e+00
   3.0848975e-01   2.1754568e+00
   6.4115409e-01   2.1780879e+00
   6.5024515e-01   2.1842422e+00
   6.5749112e-01   2.2132064e+00
   6.3438600e-01   2.2969855e+00
   6.4047873e-01   2.3845357e+00
   6.5592299e-01   2.4864844e+00
   6.3654397e-01   2.6162507e+00
   6.4348184e-01   2.7332421e+00
   6.4460568e-01   2.8570537e+00
   6.4049336e-01   2.9712917e+00
   6.4098329e-01   3.0910224e+00
   6.4859772e-01   3.2082848e+00
   6.4998403e-01   3.3104891e+00
   6.5032720e-01   3.4169749e+00
   6.5612346e-01   3.5161288e+00
   6.5783459e-01   3.6053933e+00
   6.5812289e-01   3.6924653e+00
   6.4959920e-01   3.7651795e+00
   6.4834752e-01   3.8377888e+00
   6.4265371e-01   3.9036368e+00
   6.5570516e-01   3.9552190e+00
   6.5419675e-01   4.0182058e+00
   6.5667218e-01   4.0612776e+00
   6.3729954e-01   4.1064824e+00
   6.4577735e-01   4.1524222e+00
   6.3461550e-01   4.1930982e+00
   6.4955673e-01   4.2161847e+00
   6.5019507e-01   4.2441695e+00
   6.5297246e-01   4.2783915e+00
   6.5390260e-01   4.2968727e+00
   6.4887937e-01   4.3169468e+00
   6.4460972e-01   4.3369321e+00
   6.4222139e-01   4.3610896e+00
   6.5460513e-01   4.3723806e+00
   6.3804441e-01   4.3828784e+00
   6.4300593e-01   4.3977187e+00
   6.5776106e-01   4.4145248e+00
   6.5242866e-01   4.4244301e+00
   6.4221869e-01   4.4383808e+00
   6.4986793e-01   4.4460008e+00
   6.5482020e-01   4.4498228e+00
   6.5506481e-01   4.4579404e+00
   6.4306773e-01   4.4643814e+00
   6.4042630e-01   4.4675142e+00
   6.4336013e-01   4.4669900e+00
   6.5394404e-01   4.4722448e+00
   6.3473464e-01   4.4705899e+00
   6.5817026e-01   4.4806911e+00
   6.4013318e-01   4.4814079e+00
   6.5455991e-01   4.4768581e+00
   6.5466307e-01   4.4812840e+00
   6.5006333e-01   4.4926042e+00
   6.5013642e-01   4.4897651e+00
   6.4443208e-01   4.4901596e+00
   6.5649525e-01   4.4871327e+00
   6.3693703e-01   4.4897120e+00
   6.5308904e-01   4.4917591e+00
   6.4587789e-01   4.4974194e+00
   6.4858942e-01   4.4942335e+00
   6.5358443e-01   4.4905382e+00
   6.3768659e-01   4.4972633e+00
   6.4515751e-01   4.4949117e+00
   6.3666187e-01   4.4965613e+00
   6.5785708e-01   4.5053198e+00
   6.4619669e-01   4.5062025e+00
   6.5535762e-01   4.4997621e+00
   6.5452012e-01   4.5013164e+00
   6.5504319e-01   4.4964399e+00
   6.4118751e-01   4.5042540e+00
  -8.5988263e-01   4.5046832e+00
  -8.4533899e-01   4.4945733e+00
  -8.6473087e-01   4.5151155e+00
  -8.4902152e-01   4.5280339e+00
  -8.4697134e-01   4.5447507e+00
  -8.6609627e-01   4.5644815e+00
  -8.6590210e-01   4.6020127e+00
  -8.6477271e-01   4.6224099e+00
  -8.4757761e-01   4.6558078e+00
  -8.5805565e-01   4.6814712e+00
  -8.5990239e-01   4.7002147e+00
  -8.6518794e-01   4.7365925e+00
  -8.5515427e-01   4.7563595e+00
  -8.5062428e-01   4.7746259e+00
  -8.5238919e-01   4.7959289e+00
  -8.6138064e-01   4.8137102e+00
  -8.5856604e-01   4.8356332e+00
  -8.5647582e-01   4.8594444e+00
  -8.4960451e-01   4.8650446e+00
  -8.4821040e-01   4.8792886e+00
  -8.4881248e-01   4.8978956e+00
  -8.4864106e-01   4.9114729e+00
  -8.4648264e-01   4.9198130e+00
  -8.4642577e-01   4.9314697e+00
  -8.5802022e-01   4.9405222e+00
  -8.5216306e-01   4.9541916e+00
  -8.4453005e-01   4.9500178e+00
  -8.6115473e-01   4.9572666e+00
  -8.6337856e-01   4.9683879e+00
  -8.4591050e-01   4.9732212e+00
  -8.6652585e-01   4.9794782e+00
  -8.6393180e-01   4.9782155e+00
  -8.4582288e-01   4.9884165e+00
  -8.5406888e-01   4.9937419e+00
  -8.6374984e-01   4.9993046e+00
  -8.5823638e-01   4.9946430e+00
  -8.5353585e-01   4.9998304e+00
  -8.4462337e-01   5.0053805e+00
  -8.6304651e-01   5.0048823e+00
  -8.6600252e-01   5.0006399e+00
  -8.6596680e-01   5.0125371e+00
  -8.5870190e-01   5.0001601e+00
  -8.4489194e-01   5.0023294e+00
  -8.6622224e-01   5.0082298e+00
  -8.5820931e-01   5.0085887e+00
  -8.4731145e-01   5.0161623e+00
  -8.6133519e-01   5.0128370e+00
  -8.4679647e-01   5.0074982e+00
  -8.4864559e-01   5.0122832e+00
  -8.5921639e-01   5.0109175e+00
  -8.5794189e-01   5.0099608e+00
  -8.5938102e-01   5.0201360e+00
  -8.5960671e-01   5.0205942e+00
  -8.6401793e-01   5.0088683e+00
  -8.5978113e-01   5.0125822e+00
  -8.5194831e-01   5.0134576e+00
  -8.4989100e-01   5.0146962e+00
  -8.5814237e-01   5.0125386e+00
  -8.5667299e-01   5.0117317e+00
  -8.6104520e-01   5.0108498e+00
  -8.5764214e-01   5.0156665e+00
  -8.5749207e-01   5.0168371e+00
  -8.6436155e-01   5.0163745e+00
  -8.5748362e-01   5.0232751e+00
  -8.5591032e-01   5.0179693e+00
  -8.5347075e-01   5.0128369e+00
  -8.5657675e-01   5.0131831e+00
  -8.5801061e-01   5.0117485e+00
  -8.6189224e-01   5.0184831e+00
   9.2106248e-01   5.0224034e+00
   9.4263200e-01   5.0207957e+00
   9.4370521e-01   5.0569073e+00
   9.2413861e-01   5.1223704e+00
   9.4365098e-01   5.2017688e+00
   9.2799104e-01   5.3098303e+00
   9.4346100e-01   5.4142222e+00
   9.3455301e-01   5.5205935e+00
   9.3331594e-01   5.6365305e+00
   9.3687316e-01   5.7445311e+00
   9.3873168e-01   5.8499068e+00
   9.3112653e-01   5.9537408e+00
   9.4144431e-01   6.0588620e+00
   9.2553890e-01   6.1471639e+00
   9.3291038e-01   6.2397532e+00
   9.4015015e-01   6.3247021e+00
   9.3272456e-01   6.4041145e+00
   9.2245110e-01   6.4764240e+00
   9.4136505e-01   6.5400890e+00
   9.3580986e-01   6.5956332e+00
   9.3827921e-01   6.6556688e+00
   9.2739591e-01   6.7000818e+00
   9.3066809e-01   6.7475164e+00
   9.2159465e-01   6.7926008e+00
   9.2885926e-01   6.8267853e+00
   9.3642559e-01   6.8625351e+00
   9.3980941e-01   6.8931031e+00
   9.2058609e-01   6.9170766e+00
   9.3450566e-01   6.9372655e+00
   9.3588688e-01   6.9593396e+00
   9.4365293e-01   6.9819758e+00
   9.3119685e-01   7.0057163e+00
   9.3958331e-01   7.0179140e+00
   9.3625367e-01   7.0383232e+00
   9.3753451e-01   7.0473575e+00
   9.3134826e-01   7.0533423e+00
   9.4169782e-01   7.0667379e+00
   9.2704152e-01   7.0777811e+00
   9.2524649e-01   7.0864344e+00
   9.2947902e-01   7.0835561e+00
   9.3688756e-01   7.0963828e+00
   9.3246649e-01   7.0984294e+00
   9.2333738e-01   7.1085368e+00
   9.2216138e-01   7.1117828e+00
   9.2305249e-01   7.1221325e+00
   9.2514696e-01   7.1202864e+00
   9.2759174e-01   7.1274612e+00
   9.2834487e-01   7.1317735e+00
   9.3162735e-01   7.1265471e+00
   9.3043718e-01   7.1254909e+00
   9.4015798e-01   7.1361187e+00
   9.3482285e-01   7.1395454e+00
   9.2227179e-01   7.1310402e+00
   9.4403693e-01   7.1388558e+00
   9.2574292e-01   7.1413799e+00
   9.2509503e-01   7.1394455e+00
   9.2046818e-01   7.1344892e+00
   9.4389829e-01   7.1415756e+00
   9.4291436e-01   7.1352620e+00
   9.3621205e-01   7.1493574e+00
   9.3261746e-01   7.1380393e+00
   9.2587013e-01   7.1478176e+00
   9.3961259e-01   7.1486951e+00
   9.3583333e-01   7.1506620e+00
   9.3194466e-01   7.1454811e+00
   9.3928649e-01   7.1510262e+00
   9.4122429e-01   7.1463732e+00
   9.3513306e-01   7.1436308e+00
   9.3644750e-01   7.1390935e+00
   1.6390725e-01   7.1499447e+00
   1.5700331e-01   7.1424672e+00
   1.5559643e-01   7.0406759e+00
   1.6379882e-01   6.8459618e+00
   1.5240670e-01   6.6081703e+00
   1.6269126e-01   6.3235470e+00
   1.6100336e-01   6.0167741e+00
   1.6356217e-01   5.6981741e+00
   1.4613921e-01   5.3698100e+00
   1.4714435e-01   5.0589267e+00
   1.4507163e-01   4.7464763e+00
   1.4087743e-01   4.4509252e+00
   1.4891068e-01   4.1575029e+00
   1.6302007e-01   3.8954232e+00
   1.6160005e-01   3.6460247e+00
   1.5239679e-01   3.4076405e+00
   1.5307828e-01   3.1806812e+00
   1.5114986e-01   2.9762102e+00
   1.5008846e-01   2.8023556e+00
   1.4589043e-01   2.6241204e+00
   1.4106566e-01   2.4640317e+00
   1.4417912e-01   2.3244368e+00
   1.5159257e-01   2.2032196e+00
   1.6020562e-01   2.0797377e+00
   1.4994270e-01   1.9667854e+00
   1.4293217e-01   1.8736684e+00
   1.4126738e-01   1.7941547e+00
   1.4696149e-01   1.7092565e+00
   1.5425329e-01   1.6406155e+00
   1.6389619e-01   1.5737166e+00
   1.5634164e-01   1.5170365e+00
   1.4742877e-01   1.4659958e+00
   1.5447003e-01   1.4284164e+00
   1.6239830e-01   1.3808039e+00
   1.4890400e-01   1.3476749e+00
   1.5007455e-01   1.3150087e+00
   1.5838323e-01   1.2854559e+00
   1.6020052e-01   1.2542411e+00
   1.5526826e-01   1.2264653e+00
   1.5576896e-01   1.2061621e+00
   1.4134804e-01   1.1870590e+00
   1.4517184e-01   1.1779173e+00
   1.5851569e-01   1.1660297e+00
   1.5299667e-01   1.1501299e+00
   1.5736780e-01   1.1405842e+00
   1.4413374e-01   1.1216188e+00
   1.4589198e-01   1.1180157e+00
   1.5564624e-01   1.1042998e+00
   1.5794735e-01   1.0985843e+00
   1.5427625e-01   1.0983607e+00
   1.5825138e-01   1.0934270e+00
   1.5849194e-01   1.0876770e+00
   1.5071314e-01   1.0771284e+00
   1.5796721e-01   1.0775346e+00
   1.6273423e-01   1.0685766e+00
   1.4499315e-01   1.0653968e+00
   1.6304036e-01   1.0697589e+00
   1.4257922e-01   1.0686142e+00
   1.5915951e-01   1.0709801e+00
   1.6159169e-01   1.0641551e+00
   1.4609388e-01   1.0574072e+00
   1.4733190e-01   1.0625190e+00
   1.6298365e-01   1.0649135e+00
   1.4475387e-01   1.0620447e+00
   1.6025054e-01   1.0574690e+00
   1.5440944e-01   1.0546099e+00
   1.5063149e-01   1.0612187e+00
   1.4872811e-01   1.0508628e+00
   1.5046060e-01   1.0511794e+00
  -4.8498426e-01   1.0502411e+00
  -4.8638420e-01   1.0530252e+00
  -4.7873865e-01   1.0097219e+00
  -4.8384732e-01   9.4061983e-01
  -4.7897113e-01   8.5119023e-01
  -4.7866481e-01   7.4491674e-01
  -4.7369703e-01   6.3062040e-01
  -4.7514104e-01   5.1565463e-01
  -4.9212708e-01   3.8586780e-01
  -4.9511942e-01   2.7633643e-01
  -4.8382140e-01   1.6012327e-01
  -4.7951405e-01   4.3653969e-02
  -4.7361152e-01  -5.9724832e-02
  -4.9141490e-01  -1.6557866e-01
  -4.9606567e-01  -2.5862647e-01
  -4.8694224e-01  -3.3910988e-01
  -4.8249609e-01  -4.1676072e-01
  -4.7909027e-01  -4.9354149e-01
  -4.8678100e-01  -5.6065878e-01
  -4.8061834e-01  -6.3283935e-01
  -4.7801326e-01  -6.8547879e-01
  -4.7344629e-01  -7.4275868e-01
  -4.8622302e-01  -7.8711306e-01
  -4.7292721e-01  -8.3064580e-01
  -4.9078224e-01  -8.7256667e-01
  -4.7980648e-01  -9.1518039e-01
  -4.8079266e-01  -9.3707742e-01
  -4.7773578e-01  -9.7546774e-01
  -4.7659854e-01  -1.0001417e+00
  -4.8408192e-01  -1.0181053e+00
  -4.9264686e-01  -1.0420548e+00
  -4.9074155e-01  -1.0572481e+00
  -4.7773263e-01  -1.0791488e+00
  -4.9040880e-01  -1.0880092e+00
  -4.8113049e-01  -1.1019917e+00
  -4.8143832e-01  -1.1178000e+00
  -4.8152699e-01  -1.1367250e+00
  -4.8831761e-01  -1.1361749e+00
  -4.8444063e-01  -1.1526636e+00
  -4.8925874e-01  -1.1624781e+00
  -4.8904887e-01  -1.1642907e+00
  -4.9211762e-01  -1.1669233e+00
  -4.7697935e-01  -1.1726650e+00
  -4.9134130e-01  -1.1788661e+00
  -4.8783055e-01  -1.1775137e+00
  -4.9458354e-01  -1.1933025e+00
  -4.8465774e-01  -1.1972140e+00
  -4.8435209e-01  -1.1937392e+00
  -4.9215979e-01  -1.1939148e+00
  -4.7516839e-01  -1.1936753e+00
  -4.9249638e-01  -1.2079222e+00
  -4.9292385e-01  -1.2028992e+00
  -4.9545858e-01  -1.2015029e+00
  -4.8975905e-01  -1.2090372e+00
  -4.9063816e-01  -1.2096220e+00
  -4.8310496e-01  -1.2123965e+00
  -4.8671009e-01  -1.2126329e+00
  -4.9171458e-01  -1.2175057e+00
  -4.7396095e-01  -1.2115649e+00
  -4.7742537e-01  -1.2157493e+00
  -4.8296629e-01  -1.2070963e+00
  -4.8605155e-01  -1.2117329e+00
  -4.8584826e-01  -1.2203336e+00
  -4.8596663e-01  -1.2186854e+00
  -4.8956501e-01  -1.2142554e+00
  -4.7437298e-01  -1.2162248e+00
  -4.8526371e-01  -1.2111095e+00
  -4.7595542e-01  -1.2099072e+00
  -4.8593919e-01  -1.2091743e+00
   1.8485797e-01  -1.2223090e+00
   1.6738614e-01  -1.2117626e+00
   1.8419695e-01  -1.1771255e+00
   1.8184041e-01  -1.0999202e+00
   1.8820621e-01  -9.9168559e-01
   1.7400336e-01  -8.9199278e-01
   1.7130021e-01  -7.6045960e-01
   1.8627251e-01  -6.4003010e-01
   1.8012902e-01  -5.0630558e-01
   1.7720823e-01  -3.7793493e-01
   1.6766867e-01  -2.5676745e-01
   1.8243652e-01  -1.3423870e-01
   1.6777246e-01  -1.7192987e-02
   1.8151729e-01   9.2974891e-02
   1.6836693e-01   1.8865003e-01
   1.8707479e-01   2.8557729e-01
   1.8858323e-01   3.7349331e-01
   1.8226582e-01   4.5461196e-01
   1.8255309e-01   5.3527792e-01
   1.7060586e-01   5.9775459e-01
   1.7825381e-01   6.5907515e-01
   1.8782122e-01   7.1346447e-01
   1.8176572e-01   7.7344389e-01
   1.7848011e-01   8.2279513e-01
   1.8627523e-01   8.5613374e-01
   1.7011382e-01   9.0201300e-01
   1.8126658e-01   9.3976881e-01
   1.8888800e-01   9.5999461e-01
   1.7582233e-01   9.9962592e-01
   1.6720985e-01   1.0253645e+00
   1.8332745e-01   1.0480685e+00
   1.7890650e-01   1.0597582e+00
   1.8692865e-01   1.0758272e+00
   1.7056592e-01   1.1011599e+00
   1.7986608e-01   1.1149245e+00
   1.7653890e-01   1.1252599e+00
   1.6568430e-01   1.1447427e+00
   1.8407392e-01   1.1537771e+00
   1.6677914e-01   1.1616476e+00
   1.8373431e-01   1.1705429e+00
   1.7762810e-01   1.1724593e+00
   1.7922636e-01   1.1833757e+00
   1.6660933e-01   1.1846172e+00
   1.8417122e-01   1.1863378e+00
   1.8139470e-01   1.1954133e+00
   1.8014075e-01   1.2017876e+00
   1.7526819e-01   1.2036030e+00
   1.8206782e-01   1.2028567e+00
   1.8095515e-01   1.2154235e+00
   1.7325344e-01   1.2112151e+00
   1.8006046e-01   1.2150445e+00
   1.8814661e-01   1.2188908e+00
   1.6820475e-01   1.2144417e+00
   1.7012658e-01   1.2130589e+00
   1.7567916e-01   1.2261290e+00
   1.8297433e-01   1.2233477e+00
   1.8873425e-01   1.2296326e+00
   1.7857537e-01   1.2208685e+00
   1.7084376e-01   1.2258396e+00
   1.8179778e-01   1.2260385e+00
   1.7234015e-01   1.2209090e+00
   1.6981457e-01   1.2315829e+00
   1.8893176e-01   1.2220510e+00
   1.6729594e-01   1.2219296e+00
   1.8098408e-01   1.2336537e+00
   1.7608291e-01   1.2338791e+00
   1.7739482e-01   1.2244563e+00
   1.7101262e-01   1.2336518e+00
   1.8102079e-01   1.2231172e+00
   1.3585108e-01   1.2254759e+00
   1.4415545e-01   1.2306422e+00
   1.3834289e-01   1.2319943e+00
   1.4643689e-01   1.2151442e+00
   1.4231032e-01   1.2110355e+00
   1.4037965e-01   1.1888987e+00
   1.3874266e-01   1.1838538e+00
   1.5017505e-01   1.1666789e+00
   1.3349840e-01   1.1593307e+00
   1.3617732e-01   1.1388088e+00
   1.3360223e-01   1.1198154e+00
   1.4460298e-01   1.1187932e+00
   1.4464003e-01   1.0931073e+00
   1.5026718e-01   1.0839020e+00
   1.3989904e-01   1.0775292e+00
   1.4085972e-01   1.0664699e+00
   1.4949076e-01   1.0505467e+00
   1.3305086e-01   1.0524884e+00
   1.5014665e-01   1.0410076e+00
   1.3378910e-01   1.0279064e+00
   1.2957213e-01   1.0280915e+00
   1.3063426e-01   1.0212083e+00
   1.5101870e-01   1.0071573e+00
   1.4491805e-01   1.0016885e+00
   1.3720990e-01   1.0056569e+00
   1.2924412e-01   9.9862695e-01
   1.3900317e-01   9.9258112e-01
   1.4107756e-01   9.9095687e-01
   1.4315233e-01   9.9030661e-01
   1.3779208e-01   9.8376141e-01
   1.3199662e-01   9.7923316e-01
   1.5091353e-01   9.8215378e-01
   1.4204316e-01   9.7400836e-01
   1.3298037e-01   9.7498863e-01
   1.3928664e-01   9.7410755e-01
   1.4362063e-01   9.7562814e-01
   1.4833453e-01   9.7524431e-01
   1.4020963e-01   9.7476906e-01
   1.3454789e-01   9.7002428e-01
   1.3486260e-01   9.7299658e-01
   1.4427589e-01   9.7426627e-01
   1.2845565e-01   9.7064245e-01
   1.3154646e-01   9.6682507e-01
   1.4768271e-01   9.6682148e-01
   1.3582902e-01   9.6115544e-01
   1.3474120e-01   9.6391620e-01
   1.4138281e-01   9.6810621e-01
   1.4490761e-01   9.6911183e-01
   1.4774913e-01   9.7001602e-01
   1.3988207e-01   9.6433942e-01
   1.3948738e-01   9.6923009e-01
   1.4982719e-01   9.6088721e-01
   1.4970903e-01   9.7068043e-01
   1.3199115e-01   9.6127080e-01
   1.4574270e-01   9.6507244e-01
   1.3613867e-01   9.6729145e-01
   1.3450409e-01   9.6609557e-01
   1.4546478e-01   9.5876963e-01
   1.4601000e-01   9.6080031e-01
   1.4149298e-01   9.6302654e-01
   1.3539770e-01   9.6624034e-01
   1.3445803e-01   9.6998037e-01
   1.3263831e-01   9.5941695e-01
   1.2843391e-01   9.6638214e-01
   1.2804072e-01   9.6030561e-01
   1.3612950e-01   9.6650375e-01
   1.4010396e-01   9.6919643e-01
   1.4364294e-01   9.5858909e-01
   1.3899272e-01   9.6988991e-01
  -1.5349161e-01   9.7001392e-01
  -1.4773089e-01   9.6684291e-01
  -1.3770428e-01   9.2726784e-01
  -1.4356974e-01   8.7102643e-01
  -1.3734586e-01   7.9475262e-01
  -1.4302023e-01   7.0883947e-01
  -1.4155849e-01   6.2782396e-01
  -1.3468864e-01   5.3022377e-01
  -1.3833905e-01   4.3307067e-01
  -1.3731427e-01   3.4055957e-01
  -1.5530388e-01   2.4471732e-01
  -1.5601567e-01   1.5738523e-01
  -1.4078596e-01   7.0773593e-02
  -1.4695625e-01  -9.5707687e-03
  -1.3302209e-01  -8.8537751e-02
  -1.4343667e-01  -1.5336169e-01
  -1.3290531e-01  -2.2451535e-01
  -1.5502396e-01  -2.7813083e-01
  -1.4637467e-01  -3.3493115e-01
  -1.3797518e-01  -3.9710493e-01
  -1.3401174e-01  -4.3749540e-01
  -1.4564163e-01  -4.8097951e-01
  -1.4618450e-01  -5.1465449e-01
  -1.5467040e-01  -5.5439812e-01
  -1.3785287e-01  -5.8892919e-01
  -1.4110249e-01  -6.1675866e-01
  -1.5145812e-01  -6.3733264e-01
  -1.3941299e-01  -6.6063086e-01
  -1.5207871e-01  -6.8407808e-01
  -1.5342548e-01  -6.9887733e-01
  -1.3700866e-01  -7.1782505e-01
  -1.3308134e-01  -7.4204521e-01
  -1.4430453e-01  -7.5363851e-01
  -1.4781302e-01  -7.6370763e-01
  -1.5617083e-01  -7.7253144e-01
  -1.4805709e-01  -7.8109784e-01
  -1.5119265e-01  -7.9465442e-01
  -1.3660432e-01  -8.0228164e-01
  -1.3487913e-01  -8.0572127e-01
  -1.5556174e-01  -8.2038524e-01
  -1.4121079e-01  -8.1726611e-01
  -1.3933917e-01  -8.3092607e-01
  -1.5179914e-01  -8.3010936e-01
  -1.4780801e-01  -8.2738734e-01
  -1.4462671e-01  -8.4010166e-01
  -1.4100546e-01  -8.3484610e-01
  -1.3606235e-01  -8.4938545e-01
  -1.3824540e-01  -8.4436643e-01
  -1.5537044e-01  -8.5412360e-01
  -1.3595705e-01  -8.4608395e-01
  -1.3481562e-01  -8.4926255e-01
  -1.3679055e-01  -8.5441682e-01
  -1.4596988e-01  -8.5082890e-01
  -1.3514856e-01  -8.4955143e-01
  -1.3861309e-01  -8.5682843e-01
  -1.5625793e-01  -8.5864316e-01
  -1.4098428e-01  -8.5648227e-01
  -1.4645261e-01  -8.5169710e-01
  -1.4272810e-01  -8.5911004e-01
  -1.3795064e-01  -8.6594379e-01
  -1.4541709e-01  -8.5380188e-01
  -1.3315951e-01  -8.5588102e-01
  -1.5178068e-01  -8.6219299e-01
  -1.4170205e-01  -8.5549062e-01
  -1.3872661e-01  -8.5667287e-01
  -1.5442031e-01  -8.6346874e-01
  -1.4861635e-01  -8.5737905e-01
  -1.3504423e-01  -8.6768608e-01
  -1.3995736e-01  -8.6115226e-01
   4.7246131e-01  -8.6341030e-01
   4.7374128e-01  -8.6391684e-01
   4.7967718e-01  -7.8684863e-01
   4.8263937e-01  -6.6546384e-01
   4.8508819e-01  -4.8901416e-01
   4.8069056e-01  -2.9234263e-01
   4.7200427e-01  -9.2675601e-02
   4.6537613e-01   1.2905707e-01
   4.7546384e-01   3.5259913e-01
   4.7461233e-01   5.7131439e-01
   4.8280507e-01   7.7818041e-01
   4.7043325e-01   9.7727041e-01
   4.8089700e-01   1.1817146e+00
   4.7653202e-01   1.3643575e+00
   4.8701638e-01   1.5286936e+00
   4.6361020e-01   1.6916489e+00
   4.7114078e-01   1.8374863e+00
   4.8430372e-01   1.9801814e+00
   4.6752666e-01   2.1077165e+00
   4.6488222e-01   2.2308072e+00
   4.8216289e-01   2.3367314e+00
   4.8013256e-01   2.4289904e+00
   4.6714813e-01   2.5203924e+00
   4.8188087e-01   2.6000536e+00
   4.7437488e-01   2.6686205e+00
   4.6458024e-01   2.7325675e+00
   4.8454183e-01   2.7912678e+00
   4.8374357e-01   2.8439999e+00
   4.6398617e-01   2.9031497e+00
   4.7125988e-01   2.9379242e+00
   4.7082820e-01   2.9801372e+00
   4.8624840e-01   3.0089394e+00
   4.6455999e-01   3.0431519e+00
   4.7596888e-01   3.0683320e+00
   4.6746561e-01   3.0998592e+00
   4.7554615e-01   3.1225168e+00
   4.8224539e-01   3.1411159e+00
   4.8595764e-01   3.1545456e+00
   4.7993006e-01   3.1703915e+00
   4.7184490e-01   3.1927853e+00
   4.7438303e-01   3.2075039e+00
   4.8201162e-01   3.2202257e+00
   4.7887537e-01   3.2248705e+00
   4.6494007e-01   3.2350891e+00
   4.8047910e-01   3.2468024e+00
   4.7180687e-01   3.2519786e+00
   4.6812541e-01   3.2538122e+00
   4.7135088e-01   3.2657823e+00
   4.7479735e-01   3.2685961e+00
   4.8583102e-01   3.2672691e+00
   4.8068784e-01   3.2766521e+00
   4.8691227e-01   3.2766401e+00
   4.7399510e-01   3.2724086e+00
   4.7843800e-01   3.2774288e+00
   4.6616259e-01   3.2804266e+00
   4.7217004e-01   3.2810981e+00
   4.7500146e-01   3.2889313e+00
   4.8116425e-01   3.2876633e+00
   4.8161183e-01   3.2930512e+00
   4.6617414e-01   3.2910078e+00
   4.8296388e-01   3.2986307e+00
   4.6894481e-01   3.2997780e+00
   4.6548793e-01   3.2948169e+00
   4.7007479e-01   3.2963814e+00
   4.8119802e-01   3.2910443e+00
   4.6757363e-01   3.2895155e+00
   4.6416737e-01   3.3002772e+00
   4.8147636e-01   3.2967313e+00
   4.7673661e-01   3.3035044e+00
   7.1533343e-02   3.2938049e+00
   6.7609964e-02   3.2965482e+00
   8.5495874e-02   3.2446748e+00
   7.1144170e-02   3.1591070e+00
   8.6121967e-02   3.0544531e+00
   7.3413804e-02   2.9269682e+00
   8.1847911e-02   2.7823367e+00
   8.3911874e-02   2.6381641e+00
   6.4273326e-02   2.4932226e+00
   7.0024233e-02   2.3383395e+00
   6.6106916e-02   2.2043265e+00
   7.6454397e-02   2.0559490e+00
   7.7707567e-02   1.9265139e+00
   6.6490761e-02   1.8093232e+00
   6.7455989e-02   1.6919599e+00
   7.3921068e-02   1.5887601e+00
   7.9873475e-02   1.4809156e+00
   7.6067472e-02   1.3889316e+00
   7.2213045e-02   1.3064103e+00
   6.9340556e-02   1.2237268e+00
   7.5763206e-02   1.1571656e+00
   6.6292339e-02   1.0952944e+00
   8.5843892e-02   1.0267079e+00
   7.4848828e-02   9.7142753e-01
   7.1625457e-02   9.3360228e-01
   7.8915993e-02   8.8471177e-01
   7.6476766e-02   8.3895418e-01
   6.5013526e-02   8.1088242e-01
   7.4267732e-02   7.8280979e-01
   7.7183136e-02   7.4250432e-01
   6.5393913e-02   7.2618508e-01
   7.1299345e-02   6.9823988e-01
   7.3970376e-02   6.8367220e-01
   7.5514686e-02   6.5588263e-01
   8.2768003e-02   6.3947977e-01
   7.4914997e-02   6.3096911e-01
   8.5743868e-02   6.1788477e-01
   7.8415643e-02   5.9809631e-01
   7.4546247e-02   5.8451670e-01
   7.1879557e-02   5.7673184e-01
   6.4688003e-02   5.6935110e-01
   6.4841462e-02   5.7102030e-01
   8.1632175e-02   5.5859117e-01
   7.6402551e-02   5.4781626e-01
   7.7867113e-02   5.5048493e-01
   7.6275591e-02   5.4115912e-01
   6.5264289e-02   5.3880101e-01
   7.4977872e-02   5.3297068e-01
   8.0356585e-02   5.3368967e-01
   8.5202772e-02   5.2183362e-01
   7.6408901e-02   5.3190007e-01
   7.3999909e-02   5.2111550e-01
   7.5726296e-02   5.1827031e-01
   6.3181375e-02   5.1621516e-01
   8.0247781e-02   5.1298848e-01
   6.7080998e-02   5.1830291e-01
   6.7974254e-02   5.1890623e-01
   6.4554353e-02   5.1609662e-01
   6.2943636e-02   5.0831998e-01
   8.5873180e-02   5.0703359e-01
   6.3597475e-02   5.1219484e-01
   7.8086470e-02   5.1673070e-01
   7.4840740e-02   5.0512436e-01
   8.5698710e-02   5.0974486e-01
   7.8555252e-02   5.0327483e-01
   6.5469844e-02   5.0302595e-01
   8.5961550e-02   5.0291800e-01
   7.8605083e-02   5.1507700e-01
   8.5210142e-02   5.0179572e-01
   5.2062596e-01   5.0842600e-01
   5.2310367e-01   5.1321230e-01
   5.0167294e-01   5.5594043e-01
   5.0556494e-01   6.5945820e-01
   5.2087106e-01   7.7721292e-01
   5.0501822e-01   9.1860406e-01
   5.2024007e-01   1.0792692e+00
   5.1486661e-01   1.2297422e+00
   5.2144064e-01   1.3958273e+00
   5.1751154e-01   1.5546613e+00
   5.0314713e-01   1.7115925e+00
   5.0550342e-01   1.8644294e+00
   5.1970514e-01   2.0031061e+00
   5.1928810e-01   2.1300316e+00
   5.0527289e-01   2.2637747e+00
   5.1250178e-01   2.3796441e+00
   5.0967635e-01   2.4887406e+00
   5.1888719e-01   2.5954221e+00
   5.0967650e-01   2.6902750e+00
   5.0182074e-01   2.7695298e+00
   5.0499006e-01   2.8460937e+00
   5.1410677e-01   2.9210149e+00
   5.2371077e-01   2.9791799e+00
   5.2361513e-01   3.0362047e+00
   5.1342299e-01   3.1021082e+00
   5.1947983e-01   3.1451542e+00
   5.0743514e-01   3.1888681e+00
   5.2422063e-01   3.2244923e+00
   5.1061515e-01   3.2613209e+00
   5.0134774e-01   3.2892908e+00
   5.2099413e-01   3.3263026e+00
   5.2489807e-01   3.3499202e+00
   5.0356195e-01   3.3742079e+00
   5.0131876e-01   3.3867679e+00
   5.0533053e-01   3.4101706e+00
   5.0953272e-01   3.4300301e+00
   5.0727849e-01   3.4422267e+00
   5.2282785e-01   3.4600971e+00
   5.1053705e-01   3.4689872e+00
   5.1706458e-01   3.4781602e+00
   5.0663914e-01   3.4885131e+00
   5.0236370e-01   3.4909362e+00
   5.1624351e-01   3.5003460e+00
   5.1719784e-01   3.5038663e+00
   5.2175171e-01   3.5077700e+00
   5.0221580e-01   3.5119578e+00
   5.0114191e-01   3.5203842e+00
   5.1115889e-01   3.5323247e+00
   5.2362118e-01   3.5285465e+00
   5.0508147e-01   3.5393587e+00
   5.1037989e-01   3.5369324e+00
   5.2381900e-01   3.5396152e+00
   5.1162221e-01   3.5384751e+00
   5.1167100e-01   3.5478254e+00
   5.1340319e-01   3.5393857e+00
   5.1704501e-01   3.5463996e+00
   5.0236032e-01   3.5478663e+00
   5.1208056e-01   3.5455146e+00
   5.2333083e-01   3.5532958e+00
   5.0264734e-01   3.5480011e+00
   5.0787952e-01   3.5482459e+00
   5.0618733e-01   3.5550394e+00
   5.1480289e-01   3.5591460e+00
   5.1031544e-01   3.5505068e+00
   5.0196460e-01   3.5553412e+00
   5.2499070e-01   3.5560393e+00
   5.1434994e-01   3.5609845e+00
   5.1644291e-01   3.5545468e+00
   5.1964880e-01   3.5544369e+00
   9.2913370e-01   3.5525702e+00
   9.4276559e-01   3.5626012e+00
   9.3134131e-01   3.6251836e+00
   9.3689506e-01   3.7330500e+00
   9.3107469e-01   3.8795521e+00
   9.2465561e-01   4.0342021e+00
   9.2864738e-01   4.2274479e+00
   9.4237363e-01   4.4034171e+00
   9.3963888e-01   4.5928133e+00
   9.2619529e-01   4.7885215e+00
   9.3055062e-01   4.9601489e+00
   9.3951180e-01   5.1365569e+00
   9.3497866e-01   5.3052353e+00
   9.2220111e-01   5.4670770e+00
   9.3057063e-01   5.6179442e+00
   9.2934165e-01   5.7565188e+00
   9.2352974e-01   5.8741564e+00
   9.3043645e-01   5.9929664e+00
   9.3470487e-01   6.1067502e+00
   9.3528212e-01   6.2038475e+00
   9.3430929e-01   6.3052564e+00
   9.3422876e-01   6.3884029e+00
   9.2791960e-01   6.4584133e+00
   9.3130445e-01   6.5269928e+00
   9.2179289e-01   6.5885642e+00
   9.2766810e-01   6.6539328e+00
   9.3088510e-01   6.7007889e+00
   9.3851192e-01   6.7409995e+00
   9.3051503e-01   6.7852921e+00
   9.2903316e-01   6.8226386e+00
   9.2206322e-01   6.8528738e+00
   9.2063833e-01   6.8830489e+00
   9.3843130e-01   6.9132343e+00
   9.2393407e-01   6.9363351e+00
   9.3686813e-01   6.9561536e+00
   9.4263187e-01   6.9752019e+00
   9.2954476e-01   6.9964706e+00
   9.2349912e-01   7.0077527e+00
   9.3297304e-01   7.0296338e+00
   9.4326813e-01   7.0433567e+00
   9.3394569e-01   7.0538376e+00
   9.4205967e-01   7.0582710e+00
   9.3879433e-01   7.0671759e+00
   9.3938518e-01   7.0799006e+00
   9.3831559e-01   7.0796635e+00
   9.2194634e-01   7.0816161e+00
   9.2227349e-01   7.0966195e+00
   9.3536388e-01   7.0913390e+00
   9.3639607e-01   7.1065221e+00
   9.4282603e-01   7.1048473e+00
   9.3487343e-01   7.1113260e+00
   9.2941288e-01   7.1058787e+00
   9.2759758e-01   7.1161143e+00
   9.2676311e-01   7.1131433e+00
   9.3309637e-01   7.1145733e+00
   9.3019461e-01   7.1271368e+00
   9.2103995e-01   7.1222061e+00
   9.3700228e-01   7.1206631e+00
   9.4143172e-01   7.1186621e+00
   9.4032547e-01   7.1213857e+00
   9.3686037e-01   7.1242435e+00
   9.1972258e-01   7.1344252e+00
   9.4056452e-01   7.1250574e+00
   9.1964175e-01   7.1315421e+00
   9.2940193e-01   7.1244436e+00
   9.1991247e-01   7.1314527e+00
   9.2919620e-01   7.1374513e+00
   9.2250130e-01   7.1296247e+00
   9.2663875e-01   7.1359521e+00
   1.0626908e-01   7.1285311e+00
   1.1866453e-01   7.1324168e+00
   1.1000263e-01   7.0181260e+00
   1.0774211e-01   6.8219196e+00
   1.0917742e-01   6.5695186e+00
   1.1020714e-01   6.2716267e+00
   1.2044981e-01   5.9586664e+00
   1.1892717e-01   5.6288200e+00
   1.1675457e-01   5.2991586e+00
   1.2817739e-01   4.9648264e+00
   1.1235455e-01   4.6365705e+00
   1.0856957e-01   4.3358599e+00
   1.2335409e-01   4.0327381e+00
   1.1826307e-01   3.7617117e+00
   1.2604257e-01   3.4964522e+00
   1.0924080e-01   3.2565052e+00
   1.2073461e-01   3.0279632e+00
   1.2088004e-01   2.8184429e+00
   1.0756074e-01   2.6291716e+00
   1.0765760e-01   2.4525466e+00
   1.0973673e-01   2.2824211e+00
   1.1170845e-01   2.1366920e+00
   1.2029662e-01   2.0019302e+00
   1.2055679e-01   1.8759195e+00
   1.1714261e-01   1.7706336e+00
   1.2052875e-01   1.6615576e+00
   1.1786733e-01   1.5829836e+00
   1.1256335e-01   1.4903293e+00
   1.1925282e-01   1.4192445e+00
   1.1632644e-01   1.3575667e+00
   1.2230445e-01   1.2926847e+00
   1.2466039e-01   1.2414170e+00
   1.1105412e-01   1.1918342e+00
   1.2460937e-01   1.1611957e+00
   1.1064484e-01   1.1206199e+00
   1.1846468e-01   1.0827312e+00
   1.2928917e-01   1.0565387e+00
   1.2294235e-01   1.0252021e+00
   1.1927784e-01   1.0069904e+00
   1.0669229e-01   9.8548750e-01
   1.2852749e-01   9.5483108e-01
   1.2520118e-01   9.3884012e-01
   1.0996244e-01   9.3002993e-01
   1.0926957e-01   9.1738889e-01
   1.0643077e-01   9.0778512e-01
   1.1208758e-01   8.8934727e-01
   1.1714503e-01   8.7819641e-01
   1.2754611e-01   8.7837948e-01
   1.2871318e-01   8.7370908e-01
   1.0634729e-01   8.6679405e-01
   1.2916964e-01   8.5839560e-01
   1.2262515e-01   8.4586746e-01
   1.2677489e-01   8.4419654e-01
   1.3008027e-01   8.4625324e-01
   1.0723958e-01   8.4359288e-01
   1.1210382e-01   8.3593460e-01
   1.1917258e-01   8.2666668e-01
  -8.6861897e-01   8.3077493e-01
